graph_id,is_correct,feature_597839,feature_549469,feature_415325,feature_161059,feature_165830,feature_248189,feature_305296,feature_215395,feature_44927,feature_43132,feature_470662,feature_162003,feature_173121,feature_184418,feature_106693,feature_54300,feature_54290,feature_98515,feature_42673,feature_240785,feature_164355,feature_5143,feature_245282,feature_308464
385_0_0,1,1,0,0,1,0,0,0,1,0,0,1,0,1,0,0,0,0,0,0,0,0,1,1,0
2_0_0,1,1,0,0,1,0,0,0,1,0,0,0,0,1,0,0,0,0,0,0,0,0,0,1,0
2_1_0,1,1,0,0,1,0,0,0,1,0,0,0,0,1,0,0,0,0,0,0,0,0,0,1,0
2_2_0,1,1,0,0,1,0,0,0,1,0,0,0,0,1,0,0,0,0,0,0,0,0,0,1,0
3202_0_0,1,0,0,0,0,0,0,0,0,1,0,1,1,0,0,0,0,1,0,1,0,0,1,0,0
131_0_0,1,0,1,0,0,1,1,1,0,0,0,0,0,0,0,1,0,0,1,0,0,1,0,0,0
131_1_0,1,0,1,0,0,1,1,1,0,0,0,0,0,0,0,1,0,0,1,0,0,1,0,0,0
518_0_0,1,0,0,0,0,0,0,0,0,0,0,0,0,0,0,0,0,0,0,0,0,0,0,0,0
2567_0_0,1,0,0,0,1,0,0,0,1,0,0,0,0,0,0,0,0,0,0,0,0,0,0,1,0
10_0_0,1,0,0,0,0,0,0,0,0,0,0,0,1,0,0,0,0,1,0,1,0,0,0,0,0
10_1_0,1,0,0,0,0,0,0,0,0,0,0,0,1,0,0,0,0,1,0,1,0,0,0,0,0
1931_0_0,1,0,0,0,0,0,0,0,0,0,0,0,0,0,0,0,0,0,0,0,0,0,0,0,0
1931_1_0,1,0,0,0,0,0,0,0,0,0,0,0,0,0,0,0,0,0,0,0,0,0,0,0,0
1931_2_0,1,0,0,0,0,0,0,0,0,0,0,0,0,0,0,0,0,0,0,0,0,0,0,0,0
2187_0_0,1,0,0,0,0,0,0,0,0,0,0,1,0,0,1,0,0,0,0,0,0,0,1,0,0
2067_0_0,1,0,0,0,1,0,0,0,1,1,1,1,1,1,1,0,1,1,0,1,0,0,1,1,0
22_0_0,1,1,1,0,1,0,0,0,1,0,0,1,0,1,1,0,0,0,0,0,0,0,1,1,0
2582_0_0,1,0,0,0,0,0,0,0,0,1,0,1,1,0,0,0,0,1,0,1,0,0,1,0,0
2582_1_0,1,0,0,0,0,0,0,0,0,1,0,1,1,0,0,0,0,1,0,1,0,0,1,0,0
1432_0_0,1,0,0,0,1,0,0,0,1,0,0,1,0,1,1,0,0,0,0,0,0,0,1,1,0
544_0_0,1,0,0,0,0,0,0,0,1,0,0,0,0,0,0,0,0,0,1,0,0,0,0,0,0
544_1_0,1,0,0,0,0,0,0,0,1,0,0,0,0,0,0,0,0,0,1,0,0,0,0,0,0
1184_0_0,1,0,0,0,1,0,0,0,1,0,1,0,1,1,0,0,1,1,0,1,0,0,0,1,0
1184_1_0,1,0,0,0,1,0,0,0,1,0,1,0,1,1,0,0,1,1,0,1,0,0,0,1,0
1184_2_0,1,0,0,0,1,0,0,0,1,0,1,0,1,1,0,0,1,1,0,1,0,0,0,1,0
417_0_0,1,1,0,0,1,0,0,0,1,0,0,1,0,1,1,0,0,0,0,0,0,0,1,1,1
417_1_0,1,1,0,0,1,0,0,0,1,0,0,1,0,1,1,0,0,0,0,0,0,0,1,1,1
1058_0_0,1,0,1,1,1,1,1,1,1,0,1,0,1,1,0,1,1,1,1,1,1,1,0,1,0
38_0_0,1,0,0,0,0,0,0,0,0,0,0,0,0,0,0,0,0,0,0,0,0,0,0,0,0
38_1_0,1,0,0,0,0,0,0,0,0,0,0,0,0,0,0,0,0,0,0,0,0,0,0,0,0
170_0_0,1,0,0,0,1,0,0,0,1,1,1,1,1,1,0,0,1,1,0,1,0,0,1,1,0
170_1_0,1,0,0,0,1,0,0,0,1,1,1,1,1,1,0,0,1,1,0,1,0,0,1,1,0
45_0_0,1,0,0,0,0,0,0,0,0,0,0,0,1,0,0,0,0,1,0,1,0,0,0,0,0
47_0_0,1,0,0,0,0,0,0,0,0,1,0,1,1,0,1,0,0,1,0,1,0,0,1,0,0
3887_0_0,1,0,0,0,0,0,0,0,0,0,0,0,0,0,0,0,0,0,0,0,0,0,0,0,0
48_0_0,1,0,0,0,0,0,0,0,0,0,0,0,0,0,0,0,0,0,0,1,0,0,0,0,0
48_1_0,1,0,0,0,0,0,0,0,0,0,0,0,0,0,0,0,0,0,0,1,0,0,0,0,0
48_2_0,1,0,0,0,0,0,0,0,0,0,0,0,0,0,0,0,0,0,0,1,0,0,0,0,0
49_0_0,1,0,0,0,0,0,0,0,0,0,0,0,0,0,0,0,0,0,0,1,0,0,0,0,0
49_1_0,1,0,0,0,0,0,0,0,0,0,0,0,0,0,0,0,0,0,0,1,0,0,0,0,0
49_2_0,1,0,0,0,0,0,0,0,0,0,0,0,0,0,0,0,0,0,0,1,0,0,0,0,0
2228_0_0,1,0,0,0,0,0,0,0,0,0,0,0,0,0,0,0,0,0,0,0,0,0,0,0,0
2228_1_0,1,0,0,0,0,0,0,0,0,0,0,0,0,0,0,0,0,0,0,0,0,0,0,0,0
2229_0_0,1,0,0,0,0,0,0,0,0,0,0,0,0,0,0,0,0,0,0,0,0,0,0,0,0
2229_1_0,1,0,0,0,0,0,0,0,0,0,0,0,0,0,0,0,0,0,0,0,0,0,0,0,0
1080_0_0,1,0,0,0,1,0,0,0,1,0,0,0,0,0,0,0,0,0,0,0,0,0,0,1,0
1080_1_0,1,0,0,0,1,0,0,0,1,0,0,0,0,0,0,0,0,0,0,0,0,0,0,1,0
1080_2_0,1,0,0,0,1,0,0,0,1,0,0,0,0,0,0,0,0,0,0,0,0,0,0,1,0
64_0_0,1,0,1,1,0,1,1,1,0,0,0,0,1,0,0,1,0,1,1,1,0,1,0,0,0
576_0_0,1,0,0,0,0,0,0,0,0,0,0,0,0,0,1,0,0,0,0,0,0,0,0,0,0
576_1_0,1,0,0,0,0,0,0,0,0,0,0,0,0,0,1,0,0,0,0,0,0,0,0,0,0
65_0_0,1,0,1,1,0,1,1,1,0,0,0,0,1,0,0,1,0,1,1,1,0,1,0,0,0
193_0_0,1,0,0,0,0,1,1,1,0,1,0,1,1,0,1,1,0,1,1,1,1,1,0,0,0
4161_0_0,1,0,0,0,0,0,0,0,0,0,0,0,1,0,0,0,0,1,0,1,0,0,0,0,0
4161_1_0,1,0,0,0,0,0,0,0,0,0,0,0,1,0,0,0,0,1,0,1,0,0,0,0,0
834_0_0,1,1,1,1,1,1,1,1,1,1,1,1,1,0,1,1,1,1,1,1,1,1,1,1,0
834_1_0,1,1,1,1,1,1,1,1,1,1,1,1,1,0,1,1,1,1,1,1,1,1,1,1,0
4162_0_0,1,0,0,0,0,0,0,0,0,0,0,0,1,0,0,0,0,1,0,1,0,0,0,0,0
4162_1_0,1,0,0,0,0,0,0,0,0,0,0,0,1,0,0,0,0,1,0,1,0,0,0,0,0
1224_0_0,1,0,0,0,0,0,0,0,0,0,0,0,1,0,0,0,0,1,0,1,0,0,0,0,0
1608_0_0,1,0,0,1,0,0,0,0,0,1,0,1,1,0,0,0,0,1,0,1,0,0,1,0,0
2636_0_0,1,0,0,1,1,1,1,1,1,1,1,1,1,0,1,1,1,1,1,1,0,1,1,1,0
4178_0_0,1,0,0,0,0,0,0,0,0,0,0,1,0,0,1,0,0,0,0,0,0,0,1,0,0
4178_1_0,1,0,0,0,0,0,0,0,0,0,0,1,0,0,1,0,0,0,0,0,0,0,1,0,0
212_0_0,1,0,0,1,0,1,1,1,0,0,0,0,1,0,0,1,0,1,1,1,1,1,0,0,0
2904_0_0,1,0,0,0,0,0,0,0,0,1,0,1,1,0,0,0,0,1,0,1,0,0,1,0,0
2784_0_0,1,0,0,0,0,0,0,0,0,0,0,0,1,0,0,0,0,1,0,1,0,0,0,0,0
2529_0_0,1,0,0,0,0,0,0,0,0,0,0,1,0,0,1,0,0,0,0,0,0,0,1,0,0
1506_0_0,1,0,0,0,0,0,0,0,0,0,0,0,1,0,0,0,0,0,0,1,0,0,0,0,0
2274_0_0,1,0,0,0,0,0,0,0,0,0,0,0,0,0,0,0,0,0,1,1,0,0,0,0,0
2915_0_0,1,0,0,0,0,0,0,0,0,0,0,0,0,0,0,0,0,0,0,0,0,0,0,0,0
2915_1_0,1,0,0,0,0,0,0,0,0,0,0,0,0,0,0,0,0,0,0,0,0,0,0,0,0
2915_2_0,1,0,0,0,0,0,0,0,0,0,0,0,0,0,0,0,0,0,0,0,0,0,0,0,0
3811_0_0,1,0,0,1,0,0,0,1,0,0,0,0,0,0,0,0,0,0,1,1,0,0,0,0,0
2916_0_0,1,0,0,0,0,0,0,0,0,0,0,0,0,0,0,0,0,0,0,0,0,0,0,0,0
2916_1_0,1,0,0,0,0,0,0,0,0,0,0,0,0,0,0,0,0,0,0,0,0,0,0,0,0
2916_2_0,1,0,0,0,0,0,0,0,0,0,0,0,0,0,0,0,0,0,0,0,0,0,0,0,0
1766_0_0,1,0,0,0,0,0,0,0,0,0,0,0,1,0,0,0,0,0,0,1,0,0,0,0,0
1128_0_0,1,0,0,0,0,0,0,0,0,0,0,0,0,0,0,0,0,0,0,0,0,0,0,0,0
4202_0_0,1,0,0,0,0,0,0,0,0,0,0,0,1,0,0,0,0,1,0,1,0,0,0,0,0
4203_0_0,1,0,0,0,0,0,0,0,0,0,0,0,1,0,0,0,0,1,0,1,0,0,0,0,0
3825_0_0,1,0,0,0,0,0,0,0,0,0,0,0,1,0,0,0,0,1,0,1,0,0,0,0,0
3703_0_0,1,0,0,0,1,0,0,0,1,1,1,1,1,1,1,0,1,1,0,1,0,0,1,1,0
3703_1_0,1,0,0,0,1,0,0,0,1,1,1,1,1,1,1,0,1,1,0,1,0,0,1,1,0
3703_2_0,1,0,0,0,1,0,0,0,1,1,1,1,1,1,1,0,1,1,0,1,0,0,1,1,0
1787_0_0,1,1,0,1,1,1,1,1,1,1,1,1,1,1,1,1,1,1,1,1,0,1,1,1,0
125_0_0,1,0,0,0,0,0,0,0,0,0,0,0,0,0,0,0,0,0,0,0,0,0,0,0,0
2173_0_0,1,0,0,0,0,0,0,0,0,0,0,0,0,0,0,0,0,0,0,0,0,0,0,0,0
0_0_0,0,0,0,0,0,0,0,0,0,1,0,1,1,0,1,0,0,1,0,1,0,0,1,0,0
0_1_0,0,0,0,0,0,0,0,0,0,1,0,1,1,0,1,0,0,1,0,1,0,0,1,0,0
0_2_0,0,0,0,0,0,0,0,0,0,1,0,1,1,0,1,0,0,1,0,1,0,0,1,0,0
2560_0_0,0,0,0,0,0,0,0,0,0,0,0,0,0,0,0,0,0,0,0,0,0,0,0,0,0
2560_1_0,0,0,0,0,0,0,0,0,0,0,0,0,0,0,0,0,0,0,0,0,0,0,0,0,0
2560_2_0,0,0,0,0,0,0,0,0,0,0,0,0,0,0,0,0,0,0,0,0,0,0,0,0,0
3072_0_0,0,0,1,0,0,0,0,0,0,0,0,1,0,0,1,0,0,0,0,0,0,0,1,0,1
4096_0_0,0,1,0,0,1,0,0,0,1,1,1,1,1,1,1,0,1,1,0,1,0,0,1,1,0
2049_0_0,0,1,0,0,1,0,0,0,1,0,0,1,0,1,1,0,0,0,0,0,0,0,1,1,1
2049_1_0,0,1,0,0,1,0,0,0,1,0,0,1,0,1,1,0,0,0,0,0,0,0,1,1,1
3329_0_0,0,1,0,0,1,0,0,0,1,0,0,1,0,1,1,0,0,0,0,0,0,0,0,1,1
3841_0_0,0,0,0,0,0,0,0,0,0,0,0,0,1,0,0,0,0,1,0,1,0,0,0,0,0
3841_1_0,0,0,0,0,0,0,0,0,0,0,0,0,1,0,0,0,0,1,0,1,0,0,0,0,0
4097_0_0,0,0,0,0,1,0,0,0,1,0,1,0,1,1,0,0,0,0,0,1,0,0,0,0,0
1794_0_0,0,1,0,0,1,1,1,1,1,0,1,0,1,1,0,1,1,1,1,1,1,1,0,1,0
2050_0_0,0,1,0,0,1,0,0,0,1,0,0,1,0,1,1,0,0,0,0,0,0,0,1,1,1
2050_1_0,0,1,0,0,1,0,0,0,1,0,0,1,0,1,1,0,0,0,0,0,0,0,1,1,1
2562_0_0,0,1,0,1,1,1,1,1,1,1,1,0,1,1,1,1,0,0,1,1,0,0,0,0,0
2562_1_0,0,1,0,1,1,1,1,1,1,1,1,0,1,1,1,1,0,0,1,1,0,0,0,0,0
3074_0_0,0,0,0,0,1,1,1,1,1,1,1,1,1,1,1,1,1,1,1,1,0,1,0,1,0
3074_1_0,0,0,0,0,1,1,1,1,1,1,1,1,1,1,1,1,1,1,1,1,0,1,0,1,0
1030_0_0,0,1,0,0,1,1,1,1,1,1,1,0,1,1,1,1,0,0,1,1,0,0,0,0,0
1286_0_0,0,1,0,0,1,0,0,0,1,1,1,1,1,0,1,0,1,1,0,1,0,0,1,1,1
2054_0_0,0,1,0,0,1,0,0,0,1,0,0,1,0,0,1,0,0,0,0,0,0,0,1,1,0
2054_1_0,0,1,0,0,1,0,0,0,1,0,0,1,0,0,1,0,0,0,0,0,0,0,1,1,0
3334_0_0,0,0,0,0,0,0,0,0,0,0,0,0,0,0,0,0,0,0,0,0,0,0,0,0,0
263_0_0,0,0,0,1,0,1,1,1,0,0,0,0,1,0,0,1,0,1,1,1,0,1,0,0,0
263_1_0,0,0,0,1,0,1,1,1,0,0,0,0,1,0,0,1,0,1,1,1,0,1,0,0,0
1031_0_0,0,1,0,0,1,0,0,0,1,1,1,1,1,1,1,0,1,1,0,1,0,0,0,1,0
1031_1_0,0,1,0,0,1,0,0,0,1,1,1,1,1,1,1,0,1,1,0,1,0,0,0,1,0
1287_0_0,0,1,0,0,1,0,0,0,1,1,1,1,1,0,1,0,1,1,0,1,0,0,1,1,0
2055_0_0,0,1,1,1,1,0,0,0,1,1,1,1,1,1,1,0,1,1,0,1,0,0,1,1,1
2311_0_0,0,0,0,0,0,1,1,1,0,0,0,1,0,0,1,1,0,0,1,0,1,1,1,0,1
2056_0_0,0,1,1,1,1,0,0,0,1,1,1,1,1,1,1,0,1,1,0,1,0,0,1,1,1
2314_0_0,0,1,0,0,1,0,0,0,1,0,1,0,1,0,0,0,1,1,0,1,0,0,0,1,0
3338_0_0,0,0,0,0,1,0,0,0,1,0,1,0,1,1,0,0,1,1,0,1,0,0,0,1,0
2831_0_0,0,0,0,0,0,0,0,0,0,0,0,0,1,0,0,0,0,1,0,1,0,0,0,0,0
528_0_0,0,1,1,1,1,0,0,0,1,1,1,1,1,1,1,0,1,1,0,1,0,0,1,1,0
2576_0_0,0,1,0,0,1,0,0,0,1,0,0,1,0,1,1,0,0,0,0,0,0,0,1,1,1
2576_1_0,0,1,0,0,1,0,0,0,1,0,0,1,0,1,1,0,0,0,0,0,0,0,1,1,1
1297_0_0,0,1,0,0,1,0,0,0,1,0,0,1,0,0,1,0,0,0,0,0,0,0,1,1,0
2580_0_0,0,0,0,1,0,0,0,0,0,1,0,1,0,0,0,0,0,0,0,1,0,0,1,0,0
2070_0_0,0,0,0,0,0,1,1,1,0,1,0,1,1,0,1,1,0,1,1,1,1,1,1,0,0
2326_0_0,0,0,1,1,1,1,1,1,1,1,1,1,1,1,0,1,1,1,1,1,1,1,1,1,0
2326_1_0,0,0,1,1,1,1,1,1,1,1,1,1,1,1,0,1,1,1,1,1,1,1,1,1,0
2326_2_0,0,0,1,1,1,1,1,1,1,1,1,1,1,1,0,1,1,1,1,1,1,1,1,1,0
1559_0_0,0,0,1,1,0,1,1,1,0,0,0,0,1,0,0,1,0,1,1,1,1,1,0,0,0
1559_1_0,0,0,1,1,0,1,1,1,0,0,0,0,1,0,0,1,0,1,1,1,1,1,0,0,0
1560_0_0,0,0,1,1,0,1,1,1,0,1,0,1,1,0,0,1,0,1,1,1,1,1,1,0,0
1560_1_0,0,0,1,1,0,1,1,1,0,1,0,1,1,0,0,1,0,1,1,1,1,1,1,0,0
1305_0_0,0,1,0,0,1,0,0,0,1,0,0,0,0,1,0,0,0,0,0,0,0,0,0,0,0
2075_0_0,0,0,1,1,0,0,0,0,0,0,0,0,0,0,0,0,0,0,1,1,0,0,0,0,0
3107_0_0,0,1,1,1,1,0,0,0,1,1,1,1,1,1,1,0,1,1,0,1,0,0,1,1,0
1061_0_0,0,0,0,0,1,0,0,0,1,1,1,1,1,1,1,0,1,1,0,1,0,0,1,1,0
1061_1_0,0,0,0,0,1,0,0,0,1,1,1,1,1,1,1,0,1,1,0,1,0,0,1,1,0
1061_2_0,0,0,0,0,1,0,0,0,1,1,1,1,1,1,1,0,1,1,0,1,0,0,1,1,0
2861_0_0,0,0,0,0,0,0,0,0,0,0,0,0,0,0,0,0,0,0,0,0,0,0,0,0,0
2861_1_0,0,0,0,0,0,0,0,0,0,0,0,0,0,0,0,0,0,0,0,0,0,0,0,0,0
2861_2_0,0,0,0,0,0,0,0,0,0,0,0,0,0,0,0,0,0,0,0,0,0,0,0,0,0
561_0_0,0,1,0,0,1,0,0,0,1,0,1,0,1,1,0,0,1,1,0,1,0,0,0,1,0
561_1_0,0,1,0,0,1,0,0,0,1,0,1,0,1,1,0,0,1,1,0,1,0,0,0,1,0
1588_0_0,0,1,0,0,1,0,0,0,1,1,1,1,1,1,1,0,1,1,0,1,0,0,1,1,0
54_0_0,0,0,1,1,0,1,1,1,0,0,0,0,1,0,0,1,0,1,1,1,1,1,0,0,0
4150_0_0,0,1,0,0,1,0,0,0,1,0,1,0,1,1,0,0,1,1,0,1,0,0,0,1,0
55_0_0,0,0,1,1,0,1,1,1,0,0,0,0,1,0,0,1,0,1,1,1,1,1,0,0,0
828_0_0,0,0,0,0,1,0,0,0,1,0,0,0,0,1,0,0,0,0,0,0,0,0,0,1,0
828_1_0,0,0,0,0,1,0,0,0,1,0,0,0,0,1,0,0,0,0,0,0,0,0,0,1,0
828_2_0,0,0,0,0,1,0,0,0,1,0,0,0,0,1,0,0,0,0,0,0,0,0,0,1,0
1344_0_0,0,1,1,1,1,0,0,0,1,1,1,1,1,0,1,0,1,1,0,1,0,0,1,1,1
1344_1_0,0,1,1,1,1,0,0,0,1,1,1,1,1,0,1,0,1,1,0,1,0,0,1,1,1
1344_2_0,0,1,1,1,1,0,0,0,1,1,1,1,1,0,1,0,1,1,0,1,0,0,1,1,1
4160_0_0,0,0,0,0,0,0,0,0,0,0,0,0,1,0,0,0,0,1,0,1,0,0,0,0,0
4160_1_0,0,0,0,0,0,0,0,0,0,0,0,0,1,0,0,0,0,1,0,1,0,0,0,0,0
67_0_0,0,0,0,0,1,0,0,0,1,0,1,0,1,1,0,0,1,1,0,1,0,0,0,1,0
67_1_0,0,0,0,0,1,0,0,0,1,0,1,0,1,1,0,0,1,1,0,1,0,0,0,1,0
68_0_0,0,0,0,0,1,0,0,0,1,0,1,0,1,1,0,0,1,1,0,1,0,0,0,1,0
68_1_0,0,0,0,0,1,0,0,0,1,0,1,0,1,1,0,0,1,1,0,1,0,0,0,1,0
2117_0_0,0,0,0,0,0,0,0,0,0,0,0,0,1,0,0,0,0,1,0,1,0,0,0,0,0
3398_0_0,0,0,0,0,1,0,0,0,1,0,0,1,0,1,1,0,0,0,0,0,0,0,1,1,1
2890_0_0,0,1,0,0,0,0,0,0,0,0,0,0,0,0,0,0,0,0,0,0,0,0,0,0,1
2890_1_0,0,1,0,0,0,0,0,0,0,0,0,0,0,0,0,0,0,0,0,0,0,0,0,0,1
587_0_0,0,0,0,1,0,1,1,1,0,1,0,0,1,0,1,1,0,0,1,1,0,0,0,0,0
1356_0_0,0,1,1,1,1,0,0,0,1,0,1,0,1,1,0,0,1,1,0,1,0,0,0,1,0
1356_1_0,0,1,1,1,1,0,0,0,1,0,1,0,1,1,0,0,1,1,0,1,0,0,0,1,0
91_0_0,0,0,0,1,0,1,1,1,0,1,0,1,1,0,0,1,0,1,1,1,0,1,1,0,0
93_0_0,0,0,1,1,0,1,1,1,0,0,0,0,1,0,0,1,0,1,1,1,1,1,0,0,0
93_1_0,0,0,1,1,0,1,1,1,0,0,0,0,1,0,0,1,0,1,1,1,1,1,0,0,0
95_0_0,0,0,0,0,0,0,0,0,0,0,0,0,1,0,0,0,0,1,0,1,0,0,0,0,0
863_0_0,0,1,0,0,1,0,0,0,1,0,0,0,0,1,0,0,0,0,0,0,0,0,0,0,0
863_1_0,0,1,0,0,1,0,0,0,1,0,0,0,0,1,0,0,0,0,0,0,0,0,0,0,0
863_2_0,0,1,0,0,1,0,0,0,1,0,0,0,0,1,0,0,0,0,0,0,0,0,0,0,0
96_0_0,0,0,0,0,0,0,0,0,0,0,0,0,1,0,0,0,0,1,0,1,0,0,0,0,0
3681_0_0,0,0,0,0,0,0,0,0,0,0,0,1,0,0,1,0,0,0,0,0,0,0,1,0,1
3681_1_0,0,0,0,0,0,0,0,0,0,0,0,1,0,0,1,0,0,0,0,0,0,0,1,0,1
98_0_0,0,0,0,0,0,0,0,0,0,1,0,1,1,0,0,0,0,1,0,1,0,0,1,0,0
1124_0_0,0,0,0,0,1,1,1,1,1,0,1,0,1,1,0,1,1,1,1,1,1,1,0,1,1
1892_0_0,0,0,1,0,0,0,0,0,0,0,0,0,0,0,0,0,0,0,0,0,0,0,0,0,0
1125_0_0,0,0,0,0,1,1,1,1,1,1,1,1,1,1,1,1,1,1,1,1,1,1,1,1,0
1382_0_0,0,0,0,0,0,1,1,1,0,0,0,1,0,0,1,1,0,0,1,0,0,1,1,0,1
2921_0_0,0,0,0,0,0,0,0,0,0,0,0,0,0,0,0,0,0,0,0,0,0,0,0,0,0
2921_1_0,0,0,0,0,0,0,0,0,0,0,0,0,0,0,0,0,0,0,0,0,0,0,0,0,0
2921_2_0,0,0,0,0,0,0,0,0,0,0,0,0,0,0,0,0,0,0,0,0,0,0,0,0,0
106_0_0,0,0,1,1,0,1,1,1,0,1,0,1,1,0,1,0,0,1,0,1,1,1,1,0,0
106_1_0,0,0,1,1,0,1,1,1,0,1,0,1,1,0,1,0,0,1,0,1,1,1,1,0,0
106_2_0,0,0,1,1,0,1,1,1,0,1,0,1,1,0,1,0,0,1,0,1,1,1,1,0,0
107_0_0,0,0,1,1,0,1,1,1,0,1,0,1,1,0,1,0,0,1,0,1,1,1,1,0,0
107_1_0,0,0,1,1,0,1,1,1,0,1,0,1,1,0,1,0,0,1,0,1,1,1,1,0,0
107_2_0,0,0,1,1,0,1,1,1,0,1,0,1,1,0,1,0,0,1,0,1,1,1,1,0,0
1645_0_0,0,0,0,0,0,0,0,0,0,0,0,0,0,0,0,0,0,0,0,1,0,0,0,0,0
2418_0_0,0,0,0,1,0,0,0,0,0,0,0,0,1,0,0,0,0,1,0,1,0,0,0,0,0
119_0_0,0,0,0,1,0,1,1,1,0,0,0,0,1,0,0,1,0,1,1,1,0,1,0,0,0
120_0_0,0,0,0,1,0,1,1,1,0,1,0,1,1,0,0,1,0,1,1,1,0,1,1,0,0
3195_0_0,0,0,1,0,0,1,0,1,0,0,0,0,0,0,0,1,0,0,1,0,0,0,0,0,0
2944_0_0,0,1,0,0,1,0,0,0,1,0,0,0,0,1,1,0,0,0,0,0,0,0,0,0,0
2944_1_0,0,1,0,0,1,0,0,0,1,0,0,0,0,1,1,0,0,0,0,0,0,0,0,0,0
2944_2_0,0,1,0,0,1,0,0,0,1,0,0,0,0,1,1,0,0,0,0,0,0,0,0,0,0
129_0_0,0,1,1,1,1,0,0,0,1,1,1,1,1,1,0,0,1,1,0,1,0,0,1,1,0
129_1_0,0,1,1,1,1,0,0,0,1,1,1,1,1,1,0,0,1,1,0,1,0,0,1,1,0
129_2_0,0,1,1,1,1,0,0,0,1,1,1,1,1,1,0,0,1,1,0,1,0,0,1,1,0
641_0_0,0,0,1,0,0,1,1,1,0,0,0,1,0,0,1,1,0,0,1,0,1,1,1,0,1
641_1_0,0,0,1,0,0,1,1,1,0,0,0,1,0,0,1,1,0,0,1,0,1,1,1,0,1
141_0_0,0,0,1,1,0,1,1,1,0,0,0,0,1,0,0,1,0,0,1,1,1,0,0,0,0
143_0_0,0,0,0,0,0,0,0,0,0,1,0,1,1,0,0,0,0,1,0,1,0,0,1,0,0
148_0_0,0,0,1,1,0,1,1,1,0,1,0,1,1,0,0,1,0,1,1,1,1,1,1,0,0
148_1_0,0,0,1,1,0,1,1,1,0,1,0,1,1,0,0,1,0,1,1,1,1,1,1,0,0
2196_0_0,0,1,1,0,1,1,1,1,1,0,0,1,0,0,1,1,0,0,1,0,0,1,1,1,0
2196_1_0,0,1,1,0,1,1,1,1,1,0,0,1,0,0,1,1,0,0,1,0,0,1,1,1,0
662_0_0,0,0,0,0,0,0,0,0,0,0,0,1,0,0,1,0,0,0,0,0,0,0,0,0,1
1430_0_0,0,0,0,1,0,0,0,0,0,0,0,0,1,0,0,0,0,1,0,1,0,0,0,0,0
1694_0_0,0,0,1,1,0,1,1,1,0,1,0,1,1,0,1,1,0,1,1,1,1,1,1,0,0
3750_0_0,0,0,0,0,0,0,0,0,0,1,0,1,0,0,0,0,0,0,0,1,0,0,1,0,0
3750_1_0,0,0,0,0,0,0,0,0,0,1,0,1,0,0,0,0,0,0,0,1,0,0,1,0,0
3750_2_0,0,0,0,0,0,0,0,0,0,1,0,1,0,0,0,0,0,0,0,1,0,0,1,0,0
1703_0_0,0,1,0,0,1,0,0,0,1,0,0,0,0,0,0,0,0,0,0,0,0,0,0,0,0
1703_1_0,0,1,0,0,1,0,0,0,1,0,0,0,0,0,0,0,0,0,0,0,0,0,0,0,0
1703_2_0,0,1,0,0,1,0,0,0,1,0,0,0,0,0,0,0,0,0,0,0,0,0,0,0,0
2983_0_0,0,0,0,0,0,0,0,0,0,1,0,1,1,0,1,0,0,1,0,1,0,0,1,0,0
440_0_0,0,1,0,0,1,1,1,1,1,1,1,1,1,1,1,1,1,1,1,1,0,1,0,1,0
440_1_0,0,1,0,0,1,1,1,1,1,1,1,1,1,1,1,1,1,1,1,1,0,1,0,1,0
2234_0_0,0,0,1,0,0,1,1,1,0,0,0,0,0,0,0,1,0,0,1,0,0,0,0,0,0
2234_1_0,0,0,1,0,0,1,1,1,0,0,0,0,0,0,0,1,0,0,1,0,0,0,0,0,0
2234_2_0,0,0,1,0,0,1,1,1,0,0,0,0,0,0,0,1,0,0,1,0,0,0,0,0,0
1472_0_0,0,0,1,1,0,1,1,1,0,1,0,0,1,0,0,1,0,0,1,1,0,0,0,0,0
1472_1_0,0,0,1,1,0,1,1,1,0,1,0,0,1,0,0,1,0,0,1,1,0,0,0,0,0
1472_2_0,0,0,1,1,0,1,1,1,0,1,0,0,1,0,0,1,0,0,1,1,0,0,0,0,0
3267_0_0,0,0,1,0,1,1,1,1,1,0,0,1,0,0,1,1,0,0,1,0,1,1,1,1,1
3020_0_0,0,1,1,1,1,0,0,0,1,0,1,0,1,1,0,0,1,1,0,1,0,0,0,1,0
3020_1_0,0,1,1,1,1,0,0,0,1,0,1,0,1,1,0,0,1,1,0,1,0,0,0,1,0
3020_2_0,0,1,1,1,1,0,0,0,1,0,1,0,1,1,0,0,1,1,0,1,0,0,0,1,0
205_0_0,0,0,1,1,0,0,0,0,0,1,0,1,0,0,0,0,0,0,1,1,0,0,1,0,0
205_1_0,0,0,1,1,0,0,0,0,0,1,0,1,0,0,0,0,0,0,1,1,0,0,1,0,0
1741_0_0,0,1,0,1,1,0,0,0,1,1,1,1,1,0,1,0,1,1,0,1,0,0,1,1,0
1741_1_0,0,1,0,1,1,0,0,0,1,1,1,1,1,0,1,0,1,1,0,1,0,0,1,1,0
979_0_0,0,0,0,0,1,0,0,0,1,0,1,0,1,1,0,0,1,1,0,1,0,0,0,1,0
2005_0_0,0,1,0,0,1,0,0,0,1,0,1,0,1,1,0,0,1,1,0,1,0,0,0,1,0
471_0_0,0,0,0,1,0,0,0,0,0,0,0,0,0,0,0,0,0,0,0,1,0,0,0,0,0
233_0_0,0,0,0,0,0,0,0,0,0,0,0,1,0,0,1,0,0,0,0,0,0,0,1,0,1
3050_0_0,0,1,0,0,1,0,0,0,1,1,1,1,1,1,1,0,1,1,0,1,0,0,1,1,0
1520_0_0,0,1,1,1,1,0,0,0,1,1,1,1,1,1,1,0,1,1,0,1,0,0,0,1,0
1520_1_0,0,1,1,1,1,0,0,0,1,1,1,1,1,1,1,0,1,1,0,1,0,0,0,1,0
753_0_0,0,1,1,1,1,1,1,1,1,0,1,0,1,1,0,1,1,1,1,1,1,1,0,1,0
753_1_0,0,1,1,1,1,1,1,1,1,0,1,0,1,1,0,1,1,1,1,1,1,1,0,1,0
753_2_0,0,1,1,1,1,1,1,1,1,0,1,0,1,1,0,1,1,1,1,1,1,1,0,1,0
3829_0_0,0,0,1,1,1,1,1,1,1,0,1,0,1,0,0,1,1,1,1,1,1,1,0,1,0
3829_1_0,0,0,1,1,1,1,1,1,1,0,1,0,1,0,0,1,1,1,1,1,1,1,0,1,0
