graph_id,is_correct,feature_14435,feature_12400,feature_1430,feature_5177,feature_4853,feature_7722,feature_12589,feature_164,feature_8,feature_14,feature_12556,feature_2675,feature_6837,feature_1252,feature_8232,feature_101,feature_1247,feature_11491,feature_6713,feature_477
259_0_0,1,0,0,0,0,0,0,0,0,0,1,0,0,0,0,1,1,1,0,0,0
259_1_0,1,0,0,0,0,0,0,0,0,0,1,0,0,0,0,1,1,1,0,0,0
772_0_0,1,0,0,0,0,0,0,0,0,0,1,1,0,0,0,0,1,0,0,0,0
1796_0_0,1,0,0,0,0,0,0,0,0,0,1,0,0,0,0,0,0,0,0,0,0
1796_1_0,1,0,0,0,0,0,0,0,0,0,1,0,0,0,0,0,0,0,0,0,0
2820_0_0,1,0,0,0,0,0,0,0,0,0,1,0,0,0,0,0,1,0,0,0,0
2312_0_0,1,0,0,0,0,0,0,0,0,0,1,0,0,0,1,0,0,1,1,0,0
2312_1_0,1,0,0,0,0,0,0,0,0,0,1,0,0,0,1,0,0,1,1,0,0
2574_0_0,1,0,0,0,0,0,0,0,0,1,1,0,1,0,0,1,0,0,0,1,0
2830_0_0,1,0,0,0,0,0,0,0,0,1,1,0,0,0,0,1,1,0,0,0,0
2830_1_0,1,0,0,0,0,0,0,0,0,1,1,0,0,0,0,1,1,0,0,0,0
2830_2_0,1,0,0,0,0,0,0,0,0,1,1,0,0,0,0,1,1,0,0,0,0
1295_0_0,1,0,0,0,0,0,0,0,0,0,1,1,0,0,1,0,0,1,1,0,0
1295_1_0,1,0,0,0,0,0,0,0,0,0,1,1,0,0,1,0,0,1,1,0,0
528_0_0,1,0,0,0,1,1,1,0,0,0,1,1,0,0,0,1,0,0,0,1,0
528_1_0,1,0,0,0,1,1,1,0,0,0,1,1,0,0,0,1,0,0,0,1,0
2576_0_0,1,0,0,0,0,0,0,1,0,0,1,0,0,1,0,0,0,0,0,1,0
2576_1_0,1,0,0,0,0,0,0,1,0,0,1,0,0,1,0,0,0,0,0,1,0
17_0_0,1,0,0,0,1,1,1,0,0,1,1,1,0,0,0,0,0,0,0,1,0
1810_0_0,1,0,0,0,0,0,0,0,0,0,1,0,0,0,0,0,0,0,1,0,0
789_0_0,1,0,0,0,1,1,1,0,0,1,1,1,1,0,0,0,1,0,0,0,0
789_1_0,1,0,0,0,1,1,1,0,0,1,1,1,1,0,0,0,1,0,0,0,0
789_2_0,1,0,0,0,1,1,1,0,0,1,1,1,1,0,0,0,1,0,0,0,0
1813_0_0,1,0,0,0,1,1,1,0,0,1,1,1,1,0,0,0,1,0,0,0,0
1049_0_0,1,0,0,0,0,0,0,0,0,0,0,0,0,0,0,0,0,0,0,0,0
2458_0_0,1,0,0,0,0,0,0,0,0,0,1,0,1,0,0,0,1,0,0,0,0
2458_1_0,1,0,0,0,0,0,0,0,0,0,1,0,1,0,0,0,1,0,0,0,0
1564_0_0,1,0,0,0,0,0,0,0,0,0,1,0,1,0,0,0,0,0,0,0,0
2844_0_0,1,0,0,0,0,0,0,0,1,1,1,0,0,0,0,0,0,0,0,0,0
1565_0_0,1,0,0,0,0,0,0,0,0,0,1,1,0,0,0,0,0,0,0,0,0
1565_1_0,1,0,0,0,0,0,0,0,0,0,1,1,0,0,0,0,0,0,0,0,0
1565_2_0,1,0,0,0,0,0,0,0,0,0,1,1,0,0,0,0,0,0,0,0,0
798_0_0,1,0,0,0,0,0,0,0,0,0,1,0,1,0,0,0,0,0,0,0,0
161_0_0,1,0,0,0,0,0,0,0,0,0,1,0,0,0,0,0,1,0,0,0,0
930_0_0,1,0,0,0,0,0,0,0,0,0,1,0,0,0,0,0,1,0,0,0,0
1957_0_0,1,0,0,1,0,0,0,0,0,0,1,1,0,0,0,0,0,1,0,0,0
1957_1_0,1,0,0,1,0,0,0,0,0,0,1,1,0,0,0,0,0,1,0,0,0
552_0_0,1,0,0,0,0,0,0,0,0,1,1,0,0,0,0,1,0,0,0,1,0
2858_0_0,1,0,1,1,0,0,0,0,0,0,1,1,0,0,1,1,0,0,1,1,0
1196_0_0,1,0,0,0,0,0,0,0,0,1,1,0,0,0,0,0,0,0,0,1,0
1839_0_0,1,0,0,0,0,0,0,0,0,1,1,1,0,0,0,0,0,0,0,0,0
1968_0_0,1,0,0,0,0,0,0,0,0,0,1,0,0,0,0,0,0,1,0,0,0
692_0_0,1,0,0,0,0,0,0,0,0,0,0,0,0,0,0,0,0,0,0,0,0
1972_0_0,1,0,0,0,0,0,0,0,0,0,1,0,0,0,0,0,0,0,0,0,1
1973_0_0,1,0,0,0,0,0,0,0,0,0,1,0,0,0,0,0,0,0,0,0,1
2103_0_0,1,0,0,0,0,0,0,0,0,0,1,0,0,0,0,0,0,0,0,0,0
2103_1_0,1,0,0,0,0,0,0,0,0,0,1,0,0,0,0,0,0,0,0,0,0
825_0_0,1,0,0,0,0,0,0,0,0,0,1,0,1,0,0,0,1,0,0,0,0
2105_0_0,1,0,0,0,0,0,0,0,0,0,1,1,0,0,0,0,0,0,0,0,0
2873_0_0,1,0,0,0,0,0,0,0,0,0,1,0,0,0,0,1,0,0,0,1,0
2873_1_0,1,0,0,0,0,0,0,0,0,0,1,0,0,0,0,1,0,0,0,1,0
2873_2_0,1,0,0,0,0,0,0,0,0,0,1,0,0,0,0,1,0,0,0,1,0
2873_3_0,1,0,0,0,0,0,0,0,0,0,1,0,0,0,0,1,0,0,0,1,0
2873_4_0,1,0,0,0,0,0,0,0,0,0,1,0,0,0,0,1,0,0,0,1,0
1725_0_0,1,0,0,0,0,0,0,0,0,0,0,0,0,0,0,0,0,0,0,0,0
318_0_0,1,0,0,0,0,0,0,0,0,1,1,0,0,0,0,0,0,0,0,0,0
318_1_0,1,0,0,0,0,0,0,0,0,1,1,0,0,0,0,0,0,0,0,0,0
2878_0_0,1,0,0,0,0,0,0,0,0,0,1,0,1,0,0,0,0,0,0,0,0
703_0_0,1,0,0,0,0,0,0,1,0,0,1,0,1,1,0,0,1,0,0,1,0
66_0_0,1,0,0,0,0,0,0,0,0,0,1,0,1,0,0,0,0,0,0,0,0
451_0_0,1,0,0,1,0,0,0,0,1,0,1,1,0,0,0,0,0,1,0,0,0
1987_0_0,1,0,0,0,0,0,0,0,0,0,0,0,0,0,0,0,0,0,0,0,0
2115_0_0,1,0,0,0,0,0,0,0,0,0,0,0,0,0,0,0,0,0,0,0,0
3011_0_0,1,0,0,0,0,0,0,0,0,0,1,0,0,0,0,0,0,1,0,0,0
3011_1_0,1,0,0,0,0,0,0,0,0,0,1,0,0,0,0,0,0,1,0,0,0
3011_2_0,1,0,0,0,0,0,0,0,0,0,1,0,0,0,0,0,0,1,0,0,0
3011_3_0,1,0,0,0,0,0,0,0,0,0,1,0,0,0,0,0,0,1,0,0,0
3011_4_0,1,0,0,0,0,0,0,0,0,0,1,0,0,0,0,0,0,1,0,0,0
1989_0_0,1,0,0,0,0,0,1,0,0,0,1,0,0,0,0,1,0,0,0,1,0
1989_1_0,1,0,0,0,0,0,1,0,0,0,1,0,0,0,0,1,0,0,0,1,0
1223_0_0,1,0,0,0,0,0,0,0,0,0,1,0,0,0,0,0,0,0,0,0,0
1223_1_0,1,0,0,0,0,0,0,0,0,0,1,0,0,0,0,0,0,0,0,0,0
1223_2_0,1,0,0,0,0,0,0,0,0,0,1,0,0,0,0,0,0,0,0,0,0
1352_0_0,1,0,0,0,0,0,0,0,0,0,1,0,0,0,0,0,0,1,0,0,0
1352_1_0,1,0,0,0,0,0,0,0,0,0,1,0,0,0,0,0,0,1,0,0,0
1352_2_0,1,0,0,0,0,0,0,0,0,0,1,0,0,0,0,0,0,1,0,0,0
1225_0_0,1,0,0,0,1,1,1,0,0,1,1,1,1,0,0,1,0,0,0,1,0
1225_1_0,1,0,0,0,1,1,1,0,0,1,1,1,1,0,0,1,0,0,0,1,0
3019_0_0,1,0,0,0,1,1,1,0,0,1,1,1,1,0,0,0,1,0,0,0,0
2126_0_0,1,0,0,0,0,0,0,0,0,0,0,0,0,0,0,1,0,0,0,1,0
3023_0_0,1,0,0,0,0,0,0,0,1,1,1,0,1,0,0,1,0,0,0,0,0
3023_1_0,1,0,0,0,0,0,0,0,1,1,1,0,1,0,0,1,0,0,0,0,0
848_0_0,1,0,0,0,0,0,0,0,0,0,1,0,0,0,0,0,0,1,0,0,0
848_1_0,1,0,0,0,0,0,0,0,0,0,1,0,0,0,0,0,0,1,0,0,0
848_2_0,1,0,0,0,0,0,0,0,0,0,1,0,0,0,0,0,0,1,0,0,0
848_3_0,1,0,0,0,0,0,0,0,0,0,1,0,0,0,0,0,0,1,0,0,0
848_4_0,1,0,0,0,0,0,0,0,0,0,1,0,0,0,0,0,0,1,0,0,0
2773_0_0,1,0,0,0,0,0,0,0,0,1,1,0,1,0,0,1,1,0,0,0,0
2773_1_0,1,0,0,0,0,0,0,0,0,1,1,0,1,0,0,1,1,0,0,0,0
1366_0_0,1,0,0,0,0,0,0,0,0,0,1,0,0,0,0,0,0,1,0,0,0
1366_1_0,1,0,0,0,0,0,0,0,0,0,1,0,0,0,0,0,0,1,0,0,0
1496_0_0,1,0,0,0,0,0,0,0,0,1,1,0,0,0,0,0,0,0,0,0,0
1496_1_0,1,0,0,0,0,0,0,0,0,1,1,0,0,0,0,0,0,0,0,0,0
2520_0_0,1,0,0,0,1,1,1,0,0,1,1,1,0,0,0,0,0,0,0,1,0
2520_1_0,1,0,0,0,1,1,1,0,0,1,1,1,0,0,0,0,0,0,0,1,0
2520_2_0,1,0,0,0,1,1,1,0,0,1,1,1,0,0,0,0,0,0,0,1,0
2520_3_0,1,0,0,0,1,1,1,0,0,1,1,1,0,0,0,0,0,0,0,1,0
2520_4_0,1,0,0,0,1,1,1,0,0,1,1,1,0,0,0,0,0,0,0,1,0
1498_0_0,1,0,0,0,0,0,0,0,0,0,1,0,0,0,1,0,0,1,1,0,0
2266_0_0,1,0,0,0,0,0,0,0,0,0,1,0,1,0,0,0,1,0,0,0,0
2266_1_0,1,0,0,0,0,0,0,0,0,0,1,0,1,0,0,0,1,0,0,0,0
1759_0_0,1,0,0,1,0,0,0,0,0,0,1,1,0,0,1,1,0,1,1,1,0
2529_0_0,1,0,0,0,0,0,0,0,0,0,1,0,1,0,0,0,0,0,0,0,0
2785_0_0,1,0,0,0,1,1,1,0,0,1,1,1,1,0,0,1,1,0,0,1,0
2402_0_0,1,0,0,0,0,0,0,0,0,1,1,0,1,0,0,1,1,0,0,0,0
2402_1_0,1,0,0,0,0,0,0,0,0,1,1,0,1,0,0,1,1,0,0,0,0
2658_0_0,1,0,0,0,0,0,0,0,0,0,1,0,0,1,0,0,0,0,0,1,0
2658_1_0,1,0,0,0,0,0,0,0,0,0,1,0,0,1,0,0,0,0,0,1,0
996_0_0,1,0,0,0,0,0,0,0,0,0,0,0,0,0,0,0,0,0,0,0,0
996_1_0,1,0,0,0,0,0,0,0,0,0,0,0,0,0,0,0,0,0,0,0,0
2532_0_0,1,0,0,1,0,0,0,0,0,0,1,1,0,0,0,0,0,1,0,0,0
102_0_0,1,0,0,0,0,0,0,0,0,0,1,0,1,0,0,0,0,0,0,0,0
999_0_0,1,0,0,1,0,0,0,0,0,0,1,1,0,0,0,0,0,1,0,0,0
3054_0_0,1,0,0,0,0,0,0,0,0,0,0,0,0,0,0,0,0,0,0,0,0
2672_0_0,1,0,0,0,1,1,1,0,0,1,1,1,0,0,0,1,1,0,0,0,0
1139_0_0,1,0,0,1,1,1,1,0,0,0,1,1,1,1,0,1,1,0,0,0,0
2931_0_0,1,0,0,1,0,0,0,0,0,0,1,1,1,0,0,0,0,0,0,0,0
2931_1_0,1,0,0,1,0,0,0,0,0,0,1,1,1,0,0,0,0,0,0,0,0
2164_0_0,1,0,0,0,0,0,0,0,0,0,1,0,0,0,0,0,0,0,0,0,0
2164_1_0,1,0,0,0,0,0,0,0,0,0,1,0,0,0,0,0,0,0,0,0,0
2164_2_0,1,0,0,0,0,0,0,0,0,0,1,0,0,0,0,0,0,0,0,0,0
629_0_0,1,0,0,0,0,0,0,0,0,0,1,0,0,0,0,0,0,0,0,0,0
630_0_0,1,0,0,0,0,0,0,0,0,0,1,0,0,0,0,0,1,0,0,0,0
1400_0_0,1,0,0,0,0,0,0,0,0,0,1,0,1,0,0,0,0,0,0,0,0
1400_1_0,1,0,0,0,0,0,0,0,0,0,1,0,1,0,0,0,0,0,0,0,0
1400_2_0,1,0,0,0,0,0,0,0,0,0,1,0,1,0,0,0,0,0,0,0,0
634_0_0,1,0,0,0,0,0,0,0,0,1,1,0,1,0,0,1,1,0,0,0,0
2298_0_0,1,0,0,0,1,1,1,1,0,1,1,1,0,1,0,1,0,0,0,1,0
636_0_0,1,0,0,0,0,0,0,0,0,0,1,0,0,0,0,0,1,1,0,0,0
636_1_0,1,0,0,0,0,0,0,0,0,0,1,0,0,0,0,0,1,1,0,0,0
636_2_0,1,0,0,0,0,0,0,0,0,0,1,0,0,0,0,0,1,1,0,0,0
636_3_0,1,0,0,0,0,0,0,0,0,0,1,0,0,0,0,0,1,1,0,0,0
636_4_0,1,0,0,0,0,0,0,0,0,0,1,0,0,0,0,0,1,1,0,0,0
2940_0_0,1,0,0,0,0,0,0,0,0,0,1,0,1,0,0,0,0,0,0,1,0
2173_0_0,1,0,0,0,0,1,0,0,0,1,1,0,0,0,0,1,0,0,0,0,0
2941_0_0,1,0,0,0,0,0,0,0,0,0,1,0,1,0,0,0,0,0,0,1,0
638_0_0,1,0,0,0,0,0,0,0,0,0,0,0,0,0,0,0,0,0,0,0,0
638_1_0,1,0,0,0,0,0,0,0,0,0,0,0,0,0,0,0,0,0,0,0,0
638_2_0,1,0,0,0,0,0,0,0,0,0,0,0,0,0,0,0,0,0,0,0,0
638_3_0,1,0,0,0,0,0,0,0,0,0,0,0,0,0,0,0,0,0,0,0,0
638_4_0,1,0,0,0,0,0,0,0,0,0,0,0,0,0,0,0,0,0,0,0,0
1662_0_0,1,0,0,0,0,0,0,0,0,1,1,0,0,0,0,1,0,0,0,0,0
529_0_0,0,1,1,1,1,1,1,1,1,0,1,0,0,1,1,0,0,0,1,0,1
529_0_1,0,1,1,1,1,1,1,1,1,0,1,0,0,1,1,0,0,0,1,0,1
529_0_2,0,1,1,1,1,1,1,1,1,0,1,0,0,1,1,0,0,0,1,0,1
529_0_3,0,1,1,1,1,1,1,1,1,0,1,0,0,1,1,0,0,0,1,0,1
529_0_4,0,1,1,1,1,1,1,1,1,0,1,0,0,1,1,0,0,0,1,0,1
529_0_5,0,1,1,1,1,1,1,1,1,0,1,0,0,1,1,0,0,0,1,0,1
529_0_6,0,1,1,1,1,1,1,1,1,0,1,0,0,1,1,0,0,0,1,0,1
529_0_7,0,1,1,1,1,1,1,1,1,0,1,0,0,1,1,0,0,0,1,0,1
529_0_8,0,1,1,1,1,1,1,1,1,0,1,0,0,1,1,0,0,0,1,0,1
529_1_0,0,1,1,1,1,1,1,1,1,0,1,0,0,1,1,0,0,0,1,0,1
529_1_1,0,1,1,1,1,1,1,1,1,0,1,0,0,1,1,0,0,0,1,0,1
529_1_2,0,1,1,1,1,1,1,1,1,0,1,0,0,1,1,0,0,0,1,0,1
529_1_3,0,1,1,1,1,1,1,1,1,0,1,0,0,1,1,0,0,0,1,0,1
529_1_4,0,1,1,1,1,1,1,1,1,0,1,0,0,1,1,0,0,0,1,0,1
529_1_5,0,1,1,1,1,1,1,1,1,0,1,0,0,1,1,0,0,0,1,0,1
529_1_6,0,1,1,1,1,1,1,1,1,0,1,0,0,1,1,0,0,0,1,0,1
529_1_7,0,1,1,1,1,1,1,1,1,0,1,0,0,1,1,0,0,0,1,0,1
529_1_8,0,1,1,1,1,1,1,1,1,0,1,0,0,1,1,0,0,0,1,0,1
82_0_0,0,0,0,0,0,0,0,0,0,0,1,0,0,0,0,0,0,0,0,0,0
82_0_1,0,0,0,0,0,0,0,0,0,0,1,0,0,0,0,0,0,0,0,0,0
82_0_2,0,0,0,0,0,0,0,0,0,0,1,0,0,0,0,0,0,0,0,0,0
82_0_3,0,0,0,0,0,0,0,0,0,0,1,0,0,0,0,0,0,0,0,0,0
82_0_4,0,0,0,0,0,0,0,0,0,0,1,0,0,0,0,0,0,0,0,0,0
82_0_5,0,0,0,0,0,0,0,0,0,0,1,0,0,0,0,0,0,0,0,0,0
82_0_6,0,0,0,0,0,0,0,0,0,0,1,0,0,0,0,0,0,0,0,0,0
82_0_7,0,0,0,0,0,0,0,0,0,0,1,0,0,0,0,0,0,0,0,0,0
82_0_8,0,0,0,0,0,0,0,0,0,0,1,0,0,0,0,0,0,0,0,0,0
2930_0_0,0,1,1,0,0,0,0,0,0,0,1,0,0,0,0,0,0,0,0,0,0
2930_0_1,0,1,1,0,0,0,0,0,0,0,1,0,0,0,0,0,0,0,0,0,0
2930_0_2,0,1,1,0,0,0,0,0,0,0,1,0,0,0,0,0,0,0,0,0,0
2930_0_3,0,1,1,0,0,0,0,0,0,0,1,0,0,0,0,0,0,0,0,0,0
2930_0_4,0,1,1,0,0,0,0,0,0,0,1,0,0,0,0,0,0,0,0,0,0
2930_0_5,0,1,1,0,0,0,0,0,0,0,1,0,0,0,0,0,0,0,0,0,0
2930_0_6,0,1,1,0,0,0,0,0,0,0,1,0,0,0,0,0,0,0,0,0,0
2930_0_7,0,1,1,0,0,0,0,0,0,0,1,0,0,0,0,0,0,0,0,0,0
2930_0_8,0,1,1,0,0,0,0,0,0,0,1,0,0,0,0,0,0,0,0,0,0
582_0_0,0,1,1,1,1,1,1,1,1,0,1,0,0,1,1,0,0,0,1,0,0
582_0_1,0,1,1,1,1,1,1,1,1,0,1,0,0,1,1,0,0,0,1,0,0
582_0_2,0,1,1,1,1,1,1,1,1,0,1,0,0,1,1,0,0,0,1,0,0
582_0_3,0,1,1,1,1,1,1,1,1,0,1,0,0,1,1,0,0,0,1,0,0
582_0_4,0,1,1,1,1,1,1,1,1,0,1,0,0,1,1,0,0,0,1,0,0
582_0_5,0,1,1,1,1,1,1,1,1,0,1,0,0,1,1,0,0,0,1,0,0
582_0_6,0,1,1,1,1,1,1,1,1,0,1,0,0,1,1,0,0,0,1,0,0
582_0_7,0,1,1,1,1,1,1,1,1,0,1,0,0,1,1,0,0,0,1,0,0
582_0_8,0,1,1,1,1,1,1,1,1,0,1,0,0,1,1,0,0,0,1,0,0
582_1_0,0,1,1,1,1,1,1,1,1,0,1,0,0,1,1,0,0,0,1,0,0
582_1_1,0,1,1,1,1,1,1,1,1,0,1,0,0,1,1,0,0,0,1,0,0
582_1_2,0,1,1,1,1,1,1,1,1,0,1,0,0,1,1,0,0,0,1,0,0
582_1_3,0,1,1,1,1,1,1,1,1,0,1,0,0,1,1,0,0,0,1,0,0
582_1_4,0,1,1,1,1,1,1,1,1,0,1,0,0,1,1,0,0,0,1,0,0
582_1_5,0,1,1,1,1,1,1,1,1,0,1,0,0,1,1,0,0,0,1,0,0
582_1_6,0,1,1,1,1,1,1,1,1,0,1,0,0,1,1,0,0,0,1,0,0
582_1_7,0,1,1,1,1,1,1,1,1,0,1,0,0,1,1,0,0,0,1,0,0
582_1_8,0,1,1,1,1,1,1,1,1,0,1,0,0,1,1,0,0,0,1,0,0
1990_0_0,0,0,0,0,0,0,0,0,0,0,1,0,0,0,0,0,0,0,0,0,0
1990_0_1,0,0,0,0,0,0,0,0,0,0,1,0,0,0,0,0,0,0,0,0,0
1990_0_2,0,0,0,0,0,0,0,0,0,0,1,0,0,0,0,0,0,0,0,0,0
1990_0_3,0,0,0,0,0,0,0,0,0,0,1,0,0,0,0,0,0,0,0,0,0
1990_0_4,0,0,0,0,0,0,0,0,0,0,1,0,0,0,0,0,0,0,0,0,0
1990_0_5,0,0,0,0,0,0,0,0,0,0,1,0,0,0,0,0,0,0,0,0,0
1990_0_6,0,0,0,0,0,0,0,0,0,0,1,0,0,0,0,0,0,0,0,0,0
1990_0_7,0,0,0,0,0,0,0,0,0,0,1,0,0,0,0,0,0,0,0,0,0
1990_0_8,0,0,0,0,0,0,0,0,0,0,1,0,0,0,0,0,0,0,0,0,0
1990_1_0,0,0,0,0,0,0,0,0,0,0,1,0,0,0,0,0,0,0,0,0,0
1990_1_1,0,0,0,0,0,0,0,0,0,0,1,0,0,0,0,0,0,0,0,0,0
1990_1_2,0,0,0,0,0,0,0,0,0,0,1,0,0,0,0,0,0,0,0,0,0
1990_1_3,0,0,0,0,0,0,0,0,0,0,1,0,0,0,0,0,0,0,0,0,0
1990_1_4,0,0,0,0,0,0,0,0,0,0,1,0,0,0,0,0,0,0,0,0,0
1990_1_5,0,0,0,0,0,0,0,0,0,0,1,0,0,0,0,0,0,0,0,0,0
1990_1_6,0,0,0,0,0,0,0,0,0,0,1,0,0,0,0,0,0,0,0,0,0
1990_1_7,0,0,0,0,0,0,0,0,0,0,1,0,0,0,0,0,0,0,0,0,0
1990_1_8,0,0,0,0,0,0,0,0,0,0,1,0,0,0,0,0,0,0,0,0,0
122_0_0,0,0,0,0,0,0,0,0,0,0,0,0,0,0,0,0,0,0,0,0,0
122_0_1,0,0,0,0,0,0,0,0,0,0,0,0,0,0,0,0,0,0,0,0,0
122_0_2,0,0,0,0,0,0,0,0,0,0,0,0,0,0,0,0,0,0,0,0,0
122_0_3,0,0,0,0,0,0,0,0,0,0,0,0,0,0,0,0,0,0,0,0,0
122_0_4,0,0,0,0,0,0,0,0,0,0,0,0,0,0,0,0,0,0,0,0,0
122_0_5,0,0,0,0,0,0,0,0,0,0,0,0,0,0,0,0,0,0,0,0,0
122_0_6,0,0,0,0,0,0,0,0,0,0,0,0,0,0,0,0,0,0,0,0,0
122_0_7,0,0,0,0,0,0,0,0,0,0,0,0,0,0,0,0,0,0,0,0,0
122_0_8,0,0,0,0,0,0,0,0,0,0,0,0,0,0,0,0,0,0,0,0,0
316_0_0,0,0,0,1,0,0,0,0,0,0,1,0,0,0,0,0,0,0,0,0,0
316_0_1,0,0,0,1,0,0,0,0,0,0,1,0,0,0,0,0,0,0,0,0,0
316_0_2,0,0,0,1,0,0,0,0,0,0,1,0,0,0,0,0,0,0,0,0,0
316_0_3,0,0,0,1,0,0,0,0,0,0,1,0,0,0,0,0,0,0,0,0,0
316_0_4,0,0,0,1,0,0,0,0,0,0,1,0,0,0,0,0,0,0,0,0,0
316_0_5,0,0,0,1,0,0,0,0,0,0,1,0,0,0,0,0,0,0,0,0,0
316_0_6,0,0,0,1,0,0,0,0,0,0,1,0,0,0,0,0,0,0,0,0,0
316_0_7,0,0,0,1,0,0,0,0,0,0,1,0,0,0,0,0,0,0,0,0,0
316_0_8,0,0,0,1,0,0,0,0,0,0,1,0,0,0,0,0,0,0,0,0,0
316_1_0,0,0,0,1,0,0,0,0,0,0,1,0,0,0,0,0,0,0,0,0,0
316_1_1,0,0,0,1,0,0,0,0,0,0,1,0,0,0,0,0,0,0,0,0,0
316_1_2,0,0,0,1,0,0,0,0,0,0,1,0,0,0,0,0,0,0,0,0,0
316_1_3,0,0,0,1,0,0,0,0,0,0,1,0,0,0,0,0,0,0,0,0,0
316_1_4,0,0,0,1,0,0,0,0,0,0,1,0,0,0,0,0,0,0,0,0,0
316_1_5,0,0,0,1,0,0,0,0,0,0,1,0,0,0,0,0,0,0,0,0,0
316_1_6,0,0,0,1,0,0,0,0,0,0,1,0,0,0,0,0,0,0,0,0,0
316_1_7,0,0,0,1,0,0,0,0,0,0,1,0,0,0,0,0,0,0,0,0,0
316_1_8,0,0,0,1,0,0,0,0,0,0,1,0,0,0,0,0,0,0,0,0,0
2877_0_0,0,0,0,0,0,0,0,0,0,0,0,0,0,0,0,0,0,0,0,0,0
2877_0_1,0,0,0,0,0,0,0,0,0,0,0,0,0,0,0,0,0,0,0,0,0
2877_0_2,0,0,0,0,0,0,0,0,0,0,0,0,0,0,0,0,0,0,0,0,0
2877_0_3,0,0,0,0,0,0,0,0,0,0,0,0,0,0,0,0,0,0,0,0,0
2877_0_4,0,0,0,0,0,0,0,0,0,0,0,0,0,0,0,0,0,0,0,0,0
2877_0_5,0,0,0,0,0,0,0,0,0,0,0,0,0,0,0,0,0,0,0,0,0
2877_0_6,0,0,0,0,0,0,0,0,0,0,0,0,0,0,0,0,0,0,0,0,0
2877_0_7,0,0,0,0,0,0,0,0,0,0,0,0,0,0,0,0,0,0,0,0,0
2877_0_8,0,0,0,0,0,0,0,0,0,0,0,0,0,0,0,0,0,0,0,0,0
1966_0_0,0,0,0,0,0,0,0,0,0,0,0,0,0,0,0,0,0,0,0,0,0
1966_0_1,0,0,0,0,0,0,0,0,0,0,0,0,0,0,0,0,0,0,0,0,0
1966_0_2,0,0,0,0,0,0,0,0,0,0,0,0,0,0,0,0,0,0,0,0,0
1966_0_3,0,0,0,0,0,0,0,0,0,0,0,0,0,0,0,0,0,0,0,0,0
1966_0_4,0,0,0,0,0,0,0,0,0,0,0,0,0,0,0,0,0,0,0,0,0
1966_0_5,0,0,0,0,0,0,0,0,0,0,0,0,0,0,0,0,0,0,0,0,0
1966_0_6,0,0,0,0,0,0,0,0,0,0,0,0,0,0,0,0,0,0,0,0,0
1966_0_7,0,0,0,0,0,0,0,0,0,0,0,0,0,0,0,0,0,0,0,0,0
1966_0_8,0,0,0,0,0,0,0,0,0,0,0,0,0,0,0,0,0,0,0,0,0
975_0_0,0,1,1,1,1,1,1,1,1,0,1,0,0,1,1,0,0,0,1,0,1
975_0_1,0,1,1,1,1,1,1,1,1,0,1,0,0,1,1,0,0,0,1,0,1
975_0_2,0,1,1,1,1,1,1,1,1,0,1,0,0,1,1,0,0,0,1,0,1
975_0_3,0,1,1,1,1,1,1,1,1,0,1,0,0,1,1,0,0,0,1,0,1
975_0_4,0,1,1,1,1,1,1,1,1,0,1,0,0,1,1,0,0,0,1,0,1
975_0_5,0,1,1,1,1,1,1,1,1,0,1,0,0,1,1,0,0,0,1,0,1
975_0_6,0,1,1,1,1,1,1,1,1,0,1,0,0,1,1,0,0,0,1,0,1
975_0_7,0,1,1,1,1,1,1,1,1,0,1,0,0,1,1,0,0,0,1,0,1
975_0_8,0,1,1,1,1,1,1,1,1,0,1,0,0,1,1,0,0,0,1,0,1
1519_0_0,0,0,0,0,1,1,1,0,0,0,0,0,0,0,0,0,0,0,0,0,0
1519_0_1,0,0,0,0,1,1,1,0,0,0,0,0,0,0,0,0,0,0,0,0,0
1519_0_2,0,0,0,0,1,1,1,0,0,0,0,0,0,0,0,0,0,0,0,0,0
1519_0_3,0,0,0,0,1,1,1,0,0,0,0,0,0,0,0,0,0,0,0,0,0
1519_0_4,0,0,0,0,1,1,1,0,0,0,0,0,0,0,0,0,0,0,0,0,0
1519_0_5,0,0,0,0,1,1,1,0,0,0,0,0,0,0,0,0,0,0,0,0,0
1519_0_6,0,0,0,0,1,1,1,0,0,0,0,0,0,0,0,0,0,0,0,0,0
1519_0_7,0,0,0,0,1,1,1,0,0,0,0,0,0,0,0,0,0,0,0,0,0
1519_0_8,0,0,0,0,1,1,1,0,0,0,0,0,0,0,0,0,0,0,0,0,0
1519_1_0,0,0,0,0,1,1,1,0,0,0,0,0,0,0,0,0,0,0,0,0,0
1519_1_1,0,0,0,0,1,1,1,0,0,0,0,0,0,0,0,0,0,0,0,0,0
1519_1_2,0,0,0,0,1,1,1,0,0,0,0,0,0,0,0,0,0,0,0,0,0
1519_1_3,0,0,0,0,1,1,1,0,0,0,0,0,0,0,0,0,0,0,0,0,0
1519_1_4,0,0,0,0,1,1,1,0,0,0,0,0,0,0,0,0,0,0,0,0,0
1519_1_5,0,0,0,0,1,1,1,0,0,0,0,0,0,0,0,0,0,0,0,0,0
1519_1_6,0,0,0,0,1,1,1,0,0,0,0,0,0,0,0,0,0,0,0,0,0
1519_1_7,0,0,0,0,1,1,1,0,0,0,0,0,0,0,0,0,0,0,0,0,0
1519_1_8,0,0,0,0,1,1,1,0,0,0,0,0,0,0,0,0,0,0,0,0,0
1519_2_0,0,0,0,0,1,1,1,0,0,0,0,0,0,0,0,0,0,0,0,0,0
1519_2_1,0,0,0,0,1,1,1,0,0,0,0,0,0,0,0,0,0,0,0,0,0
1519_2_2,0,0,0,0,1,1,1,0,0,0,0,0,0,0,0,0,0,0,0,0,0
1519_2_3,0,0,0,0,1,1,1,0,0,0,0,0,0,0,0,0,0,0,0,0,0
1519_2_4,0,0,0,0,1,1,1,0,0,0,0,0,0,0,0,0,0,0,0,0,0
1519_2_5,0,0,0,0,1,1,1,0,0,0,0,0,0,0,0,0,0,0,0,0,0
1519_2_6,0,0,0,0,1,1,1,0,0,0,0,0,0,0,0,0,0,0,0,0,0
1519_2_7,0,0,0,0,1,1,1,0,0,0,0,0,0,0,0,0,0,0,0,0,0
1519_2_8,0,0,0,0,1,1,1,0,0,0,0,0,0,0,0,0,0,0,0,0,0
