t # 0 M 1
v 0 0
v 1 1
v 2 2
v 3 3
v 4 4
v 5 0
v 6 5
v 7 6
v 8 7
v 9 8
v 10 0
v 11 8
v 12 9
v 13 1
v 14 8
v 15 3
v 16 10
v 17 11
v 18 8
v 19 12
v 20 13
v 21 14
v 22 15
v 23 16
v 24 17
v 25 18
v 26 19
v 27 20
v 28 21
v 29 21
v 30 22
e 19 2 10
e 2 19 11
e 5 16 6
e 12 1 10
e 1 12 11
e 21 12 4
e 14 18 1
e 25 1 9
e 12 0 6
e 25 16 9
e 2 20 10
e 20 2 11
e 21 20 9
e 5 10 6
e 19 20 10
e 20 19 11
e 7 13 10
e 13 7 11
e 7 2 10
e 2 7 11
e 24 1 10
e 1 24 11
e 2 1 10
e 1 2 11
e 0 17 7
e 12 1 6
e 3 17 9
e 9 11 1
e 5 13 6
e 27 1 9
e 2 13 6
e 4 5 9
e 3 0 9
e 4 13 9
e 4 1 9
e 21 19 4
e 3 10 9
e 2 1 6
e 4 15 1
e 5 8 6
e 27 13 9
e 23 13 9
e 26 17 9
e 25 5 9
e 12 17 6
e 22 24 9
e 10 13 6
e 22 7 4
e 12 13 6
e 23 16 9
e 27 17 4
e 13 20 10
e 20 13 11
e 23 17 9
e 25 0 9
e 3 13 9
e 18 13 4
e 2 17 7
e 25 10 9
e 10 1 6
e 19 7 10
e 7 19 11
e 19 13 10
e 13 19 11
e 2 0 6
e 15 0 9
e 18 2 4
e 6 8 9
e 10 17 6
e 12 20 10
e 20 12 11
e 7 17 7
e 7 1 6
e 11 1 4
e 7 13 6
e 19 1 10
e 1 19 11
e 19 24 10
e 24 19 11
e 15 17 9
e 24 2 10
e 2 24 11
e 25 19 9
e 24 12 10
e 12 24 11
e 24 13 10
e 13 24 11
e 11 13 4
e 23 1 9
e 5 19 6
e 18 1 4
e 19 12 10
e 12 19 11
e 12 13 10
e 13 12 11
e 10 0 6
e 15 8 9
e 7 0 6
e 5 1 6
e 23 19 9
e 24 7 10
e 7 24 11
e 24 7 6
e 2 3 1
e 12 2 10
e 2 12 11
e 11 2 4
e 2 17 6
e 5 17 6
e 24 20 10
e 20 24 11
e 12 17 7
e 2 13 10
e 13 2 11
e 5 0 6
e 7 9 1
e 7 20 10
e 20 7 11
e 12 14 1
e 7 17 6
e 7 1 10
e 1 7 11
e 1 20 10
e 20 1 11
e 0 8 7
e 28 27 1
e 29 23 1
-
t # 1 C 1
v 0 12
v 1 14
v 2 15
v 3 5
v 4 10
v 5 7
v 6 0
v 7 13
v 8 2
v 9 3
v 10 1
v 11 17
v 12 18
v 13 19
v 14 4
v 15 0
v 16 6
v 17 8
v 18 11
v 19 0
v 20 1
v 21 16
v 22 8
v 23 20
v 24 9
v 25 8
v 26 3
v 27 8
v 28 21
v 29 21
v 30 22
e 1 24 4
e 2 11 9
e 9 20 9
e 24 25 1
e 19 6 6
e 24 20 10
e 20 24 11
e 11 16 6
e 12 20 9
e 15 10 6
e 0 8 10
e 8 0 11
e 11 10 10
e 10 11 11
e 8 18 6
e 16 10 10
e 10 16 11
e 0 10 10
e 10 0 11
e 6 18 7
e 19 10 6
e 9 6 9
e 24 18 7
e 11 20 10
e 20 11 11
e 11 24 10
e 24 11 11
e 23 18 4
e 14 20 9
e 15 18 6
e 13 18 9
e 24 8 10
e 8 24 11
e 23 20 9
e 16 6 6
e 21 18 9
e 9 10 9
e 3 5 9
e 8 7 10
e 7 8 11
e 0 16 10
e 16 0 11
e 24 10 10
e 10 24 11
e 12 15 9
e 24 20 6
e 27 10 4
e 24 6 6
e 1 7 9
e 0 7 10
e 7 0 11
e 6 5 7
e 16 10 6
e 15 0 6
e 12 10 9
e 0 11 10
e 11 0 11
e 20 7 10
e 7 20 11
e 8 10 10
e 10 8 11
e 14 26 1
e 27 20 4
e 16 7 10
e 7 16 11
e 23 10 9
e 8 20 6
e 0 20 10
e 20 0 11
e 15 4 6
e 25 27 1
e 26 6 9
e 1 0 4
e 8 18 7
e 16 17 1
e 17 22 1
e 16 20 10
e 20 16 11
e 0 24 10
e 24 0 11
e 22 8 4
e 15 19 6
e 21 0 9
e 21 10 9
e 14 15 9
e 11 7 10
e 7 11 11
e 22 10 4
e 9 19 9
e 24 18 6
e 24 10 6
e 24 7 10
e 7 24 11
e 27 8 4
e 8 20 10
e 20 8 11
e 19 18 6
e 12 4 9
e 12 19 9
e 8 9 1
e 21 20 9
e 26 18 9
e 15 6 6
e 11 16 10
e 16 11 11
e 8 10 6
e 12 0 9
e 22 20 4
e 12 6 9
e 16 8 10
e 8 16 11
e 15 5 6
e 21 4 9
e 19 20 6
e 15 20 6
e 11 8 10
e 8 11 11
e 8 6 6
e 26 5 9
e 16 20 6
e 10 7 10
e 7 10 11
e 2 16 4
e 28 23 1
e 29 21 1
-
t # 2 U 1
v 0 6
v 1 8
v 2 5
v 3 8
v 4 7
v 5 12
v 6 14
v 7 0
v 8 1
v 9 17
v 10 15
v 11 17
v 12 18
v 13 19
v 14 2
v 15 3
v 16 4
v 17 0
v 18 13
v 19 0
v 20 23
v 21 9
v 22 11
v 23 8
v 24 3
v 25 8
v 26 1
v 27 3
v 28 8
v 29 24
v 30 25
v 31 22
e 26 18 10
e 18 26 11
e 9 21 10
e 21 9 11
e 9 0 10
e 0 9 11
e 30 28 1
e 17 22 6
e 14 26 6
e 0 14 10
e 14 0 11
e 29 30 9
e 1 3 1
e 5 9 10
e 9 5 11
e 10 9 9
e 11 30 10
e 30 11 11
e 21 30 10
e 30 21 11
e 15 7 9
e 0 26 10
e 26 0 11
e 9 14 10
e 14 9 11
e 9 0 6
e 5 18 10
e 18 5 11
e 21 26 10
e 26 21 11
e 5 26 10
e 26 5 11
e 11 8 10
e 8 11 11
e 14 8 6
e 5 11 10
e 11 5 11
e 25 26 4
e 14 18 10
e 18 14 11
e 12 7 9
e 16 26 9
e 14 22 7
e 21 7 6
e 16 19 9
e 15 26 9
e 21 8 6
e 12 17 9
e 5 14 10
e 14 5 11
e 19 26 6
e 0 22 7
e 27 4 9
e 0 8 10
e 8 0 11
e 16 27 1
e 9 18 10
e 18 9 11
e 30 18 10
e 18 30 11
e 11 14 10
e 14 11 11
e 20 22 4
e 19 5 6
e 12 8 9
e 19 22 6
e 14 26 10
e 26 14 11
e 11 30 6
e 8 18 10
e 18 8 11
e 23 25 1
e 17 8 6
e 9 11 10
e 11 9 11
e 14 7 6
e 7 22 7
e 6 18 9
e 13 22 9
e 12 19 9
e 19 8 6
e 21 23 1
e 14 8 10
e 8 14 11
e 9 26 10
e 26 9 11
e 20 26 9
e 24 8 9
e 25 14 4
e 17 26 6
e 0 18 10
e 18 0 11
e 21 22 6
e 25 8 4
e 21 11 10
e 11 21 11
e 3 8 4
e 15 17 9
e 29 28 1
e 0 22 6
e 11 26 10
e 26 11 11
e 0 8 6
e 0 30 10
e 30 0 11
e 5 21 10
e 21 5 11
e 27 7 9
e 2 4 9
e 14 22 6
e 30 14 10
e 14 30 11
e 17 7 6
e 0 1 1
e 19 17 6
e 21 14 10
e 14 21 11
e 15 22 9
e 5 0 10
e 0 5 11
e 28 26 4
e 11 18 10
e 18 11 11
e 24 5 9
e 20 8 9
e 9 30 10
e 30 9 11
e 5 8 10
e 8 5 11
e 28 8 4
e 21 18 10
e 18 21 11
e 28 14 4
e 19 7 6
e 3 26 4
e 30 26 10
e 26 30 11
e 5 30 10
e 30 5 11
e 3 14 4
e 30 8 10
e 8 30 11
e 6 21 4
e 3 11 9
e 12 5 9
e 10 0 4
e 21 8 10
e 8 21 11
e 24 22 9
e 6 5 4
e 19 4 6
e 0 11 10
e 11 0 11
e 0 26 6
e 14 15 1
e 16 8 9
e 24 26 9
e 9 8 10
e 8 9 11
e 7 4 7
e 21 22 7
e 21 26 6
e 25 11 9
e 27 22 9
e 0 7 6
-
t # 3 U 1
v 0 2
v 1 3
v 2 1
v 3 23
v 4 8
v 5 12
v 6 0
v 7 0
v 8 14
v 9 17
v 10 17
v 11 15
v 12 18
v 13 19
v 14 4
v 15 0
v 16 11
v 17 9
v 18 8
v 19 8
v 20 24
v 21 25
v 22 1
v 23 8
v 24 6
v 25 13
v 26 8
v 27 3
v 28 3
v 29 5
v 30 7
v 31 22
e 18 2 4
e 12 6 9
e 5 10 10
e 10 5 11
e 26 4 1
e 1 6 9
e 8 5 4
e 9 21 10
e 21 9 11
e 27 30 9
e 9 0 10
e 0 9 11
e 1 22 9
e 1 2 9
e 24 7 6
e 5 0 10
e 0 5 11
e 5 21 10
e 21 5 11
e 12 2 9
e 12 22 9
e 17 22 10
e 22 17 11
e 17 7 6
e 27 16 9
e 3 16 4
e 17 10 10
e 10 17 11
e 5 25 10
e 25 5 11
e 9 10 10
e 10 9 11
e 15 16 6
e 17 16 7
e 12 5 9
e 10 25 10
e 25 10 11
e 5 17 10
e 17 5 11
e 24 21 10
e 21 24 11
e 5 2 10
e 2 5 11
e 23 10 9
e 6 16 6
e 15 6 6
e 9 22 10
e 22 9 11
e 18 22 4
e 7 16 7
e 4 0 4
e 28 2 9
e 9 24 10
e 24 9 11
e 8 17 4
e 10 21 6
e 21 0 10
e 0 21 11
e 14 22 9
e 22 25 10
e 25 22 11
e 0 2 6
e 9 25 10
e 25 9 11
e 3 2 9
e 19 23 1
e 15 7 6
e 17 22 6
e 14 15 9
e 9 17 10
e 17 9 11
e 29 30 9
e 15 2 6
e 10 21 10
e 21 10 11
e 0 22 10
e 22 0 11
e 23 0 4
e 23 22 4
e 20 21 9
e 18 0 4
e 6 7 6
e 5 24 10
e 24 5 11
e 1 7 9
e 0 16 6
e 15 22 6
e 17 2 10
e 2 17 11
e 28 5 9
e 0 22 6
e 21 18 1
e 6 22 6
e 17 0 10
e 0 17 11
e 11 24 4
e 24 26 1
e 24 22 10
e 22 24 11
e 0 25 10
e 25 0 11
e 0 2 10
e 2 0 11
e 5 22 10
e 22 5 11
e 10 22 10
e 22 10 11
e 0 1 1
e 28 16 9
e 12 15 9
e 13 16 9
e 24 10 10
e 10 24 11
e 17 21 10
e 21 17 11
e 0 16 7
e 6 2 6
e 2 25 10
e 25 2 11
e 5 9 10
e 9 5 11
e 27 7 9
e 23 2 4
e 21 22 10
e 22 21 11
e 21 2 10
e 2 21 11
e 17 2 6
e 17 16 6
e 15 30 6
e 10 0 10
e 0 10 11
e 14 27 1
e 24 0 10
e 0 24 11
e 24 2 10
e 2 24 11
e 12 7 9
e 21 25 10
e 25 21 11
e 8 25 9
e 15 5 6
e 9 2 10
e 2 9 11
e 24 22 6
e 7 30 7
e 4 22 4
e 4 10 9
e 24 25 10
e 25 24 11
e 10 2 10
e 2 10 11
e 11 9 9
e 28 22 9
e 4 2 4
e 3 22 9
e 17 19 1
e 24 2 6
e 9 24 6
e 0 7 6
e 20 18 1
e 17 25 10
e 25 17 11
-
t # 4 U 1
v 0 4
v 1 0
v 2 11
v 3 9
v 4 8
v 5 0
v 6 1
v 7 17
v 8 3
v 9 8
v 10 24
v 11 25
v 12 5
v 13 7
v 14 12
v 15 0
v 16 14
v 17 17
v 18 8
v 19 15
v 20 18
v 21 2
v 22 19
v 23 6
v 24 8
v 25 3
v 26 13
v 27 3
v 28 1
v 29 23
v 30 8
v 31 22
e 11 21 10
e 21 11 11
e 17 28 10
e 28 17 11
e 18 6 4
e 1 13 6
e 21 28 6
e 19 17 9
e 29 28 9
e 19 23 4
e 14 3 10
e 3 14 11
e 27 2 9
e 27 6 9
e 9 21 4
e 3 7 10
e 7 3 11
e 3 2 6
e 17 3 10
e 3 17 11
e 28 26 10
e 26 28 11
e 16 14 4
e 23 28 10
e 28 23 11
e 3 26 10
e 26 3 11
e 11 6 10
e 6 11 11
e 7 11 10
e 11 7 11
e 23 7 10
e 7 23 11
e 14 11 10
e 11 14 11
e 23 26 10
e 26 23 11
e 10 11 9
e 8 2 9
e 14 6 10
e 6 14 11
e 1 5 6
e 29 6 9
e 23 11 10
e 11 23 11
e 16 3 4
e 8 15 9
e 25 5 9
e 25 28 9
e 20 15 9
e 20 5 9
e 5 28 6
e 5 6 6
e 3 28 10
e 28 3 11
e 21 26 10
e 26 21 11
e 12 13 9
e 21 25 1
e 17 6 10
e 6 17 11
e 17 23 10
e 23 17 11
e 7 6 10
e 6 7 11
e 20 28 9
e 5 15 6
e 21 6 6
e 14 26 10
e 26 14 11
e 17 21 10
e 21 17 11
e 25 6 9
e 25 15 9
e 1 28 6
e 10 9 1
e 17 11 10
e 11 17 11
e 24 30 1
e 14 7 10
e 7 14 11
e 8 13 9
e 14 17 10
e 17 14 11
e 30 21 4
e 3 2 7
e 18 21 4
e 21 15 6
e 1 2 6
e 7 28 10
e 28 7 11
e 3 15 6
e 30 28 4
e 4 18 1
e 21 28 10
e 28 21 11
e 23 15 6
e 17 26 10
e 26 17 11
e 11 28 10
e 28 11 11
e 21 6 10
e 6 21 11
e 29 2 4
e 20 6 9
e 15 2 7
e 7 21 10
e 21 7 11
e 9 6 4
e 3 11 10
e 11 3 11
e 23 6 6
e 21 2 6
e 11 26 10
e 26 11 11
e 11 9 1
e 23 21 10
e 21 23 11
e 20 14 9
e 3 4 1
e 30 6 4
e 23 24 1
e 23 28 6
e 14 21 10
e 21 14 11
e 23 6 10
e 6 23 11
e 15 13 7
e 6 26 10
e 26 6 11
e 7 26 10
e 26 7 11
e 20 1 9
e 18 7 9
e 1 15 6
e 14 28 10
e 28 14 11
e 3 6 10
e 6 3 11
e 18 28 4
e 21 2 7
e 3 6 6
e 0 8 1
e 17 7 10
e 7 17 11
e 27 14 9
e 17 23 6
e 5 2 6
e 0 1 9
e 7 11 6
e 14 23 10
e 23 14 11
e 16 26 9
e 9 28 4
e 27 28 9
e 1 14 6
e 22 2 9
e 1 6 6
e 30 7 9
e 3 28 6
e 3 21 10
e 21 3 11
e 0 6 9
-
t # 5 U 1
v 0 14
v 1 15
v 2 11
v 3 23
v 4 0
v 5 3
v 6 13
v 7 17
v 8 17
v 9 18
v 10 19
v 11 4
v 12 0
v 13 9
v 14 8
v 15 8
v 16 0
v 17 7
v 18 24
v 19 25
v 20 5
v 21 1
v 22 3
v 23 8
v 24 1
v 25 2
v 26 6
v 27 8
v 28 3
v 29 8
v 30 12
v 31 22
e 19 6 10
e 6 19 11
e 29 25 4
e 25 21 6
e 22 17 9
e 30 6 10
e 6 30 11
e 0 6 9
e 13 21 6
e 26 21 10
e 21 26 11
e 8 25 10
e 25 8 11
e 13 19 10
e 19 13 11
e 13 21 10
e 21 13 11
e 8 24 10
e 24 8 11
e 25 2 6
e 23 24 4
e 29 21 4
e 7 21 10
e 21 7 11
e 8 6 10
e 6 8 11
e 10 2 9
e 18 19 9
e 9 16 9
e 12 17 6
e 7 6 10
e 6 7 11
e 0 13 4
e 8 26 6
e 26 25 10
e 25 26 11
e 4 24 6
e 12 2 6
e 9 4 9
e 22 16 9
e 4 21 6
e 9 30 9
e 4 2 6
e 11 12 9
e 8 7 10
e 7 8 11
e 28 4 9
e 8 13 10
e 13 8 11
e 21 6 10
e 6 21 11
e 22 2 9
e 26 21 6
e 25 24 10
e 24 25 11
e 23 25 4
e 13 25 10
e 25 13 11
e 19 14 1
e 26 7 10
e 7 26 11
e 25 16 6
e 12 16 6
e 13 24 10
e 24 13 11
e 9 12 9
e 16 2 7
e 5 2 9
e 28 16 9
e 25 21 10
e 21 25 11
e 23 21 4
e 26 19 10
e 19 26 11
e 7 19 6
e 25 2 7
e 4 16 6
e 13 7 10
e 7 13 11
e 13 15 1
e 0 30 4
e 27 29 1
e 26 6 10
e 6 26 11
e 23 7 9
e 8 26 10
e 26 8 11
e 14 24 4
e 13 2 7
e 7 24 10
e 24 7 11
e 25 24 6
e 30 8 10
e 8 30 11
e 12 24 6
e 15 23 1
e 12 30 6
e 26 24 6
e 11 24 9
e 30 25 10
e 25 30 11
e 18 14 1
e 29 24 4
e 1 8 9
e 13 16 6
e 30 13 10
e 13 30 11
e 3 21 9
e 5 24 9
e 26 27 1
e 13 24 6
e 7 19 10
e 19 7 11
e 11 22 1
e 25 28 1
e 19 25 10
e 25 19 11
e 24 6 10
e 6 24 11
e 28 2 9
e 26 16 6
e 26 2 6
e 19 21 10
e 21 19 11
e 25 6 10
e 6 25 11
e 16 17 7
e 3 24 9
e 20 17 9
e 5 30 9
e 12 4 6
e 9 21 9
e 3 2 4
e 8 21 10
e 21 8 11
e 12 21 6
e 30 26 10
e 26 30 11
e 11 21 9
e 14 21 4
e 30 24 10
e 24 30 11
e 30 19 10
e 19 30 11
e 28 24 9
e 8 19 10
e 19 8 11
e 14 25 4
e 30 21 10
e 21 30 11
e 13 6 10
e 6 13 11
e 5 21 9
e 29 7 9
e 26 2 7
e 26 24 10
e 24 26 11
e 19 24 10
e 24 19 11
e 1 26 4
e 7 25 10
e 25 7 11
e 13 2 6
e 30 7 10
e 7 30 11
-
