graph_id,is_correct,feature_1809,feature_1646,feature_14862,feature_24530,feature_2878,feature_5788,feature_14616,feature_4955,feature_19832
881_0_0,1,0,0,1,1,1,1,1,1,1
881_0_1,1,0,0,1,1,1,1,1,1,1
881_0_2,1,0,0,1,1,1,1,1,1,1
881_0_3,1,0,0,1,1,1,1,1,1,1
881_0_4,1,0,0,1,1,1,1,1,1,1
1457_0_0,1,0,0,0,0,0,1,0,1,0
1457_0_1,1,0,0,0,0,0,1,0,1,0
1457_0_2,1,0,0,0,0,0,1,0,1,0
1457_0_3,1,0,0,0,0,0,1,0,1,0
1457_0_4,1,0,0,0,0,0,1,0,1,0
51_0_0,1,0,0,0,0,0,0,0,0,0
51_0_1,1,0,0,0,0,0,0,0,0,0
51_0_2,1,0,0,0,0,0,0,0,0,0
51_0_3,1,0,0,0,0,0,0,0,0,0
51_0_4,1,0,0,0,0,0,0,0,0,0
2644_0_0,1,1,1,1,1,0,0,0,0,0
2644_0_1,1,1,1,1,1,0,0,0,0,0
2644_0_2,1,1,1,1,1,0,0,0,0,0
2644_0_3,1,1,1,1,1,0,0,0,0,0
2644_0_4,1,1,1,1,1,0,0,0,0,0
806_0_0,1,0,1,1,0,1,1,0,1,0
806_0_1,1,0,1,1,0,1,1,0,1,0
806_0_2,1,0,1,1,0,1,1,0,1,0
806_0_3,1,0,1,1,0,1,1,0,1,0
806_0_4,1,0,1,1,0,1,1,0,1,0
1944_0_0,1,0,0,1,0,1,1,0,1,1
1944_0_1,1,0,0,1,0,1,1,0,1,1
1944_0_2,1,0,0,1,0,1,1,0,1,1
1944_0_3,1,0,0,1,0,1,1,0,1,1
1944_0_4,1,0,0,1,0,1,1,0,1,1
154_0_0,1,1,1,1,1,1,0,0,0,0
154_0_1,1,1,1,1,1,1,0,0,0,0
154_0_2,1,1,1,1,1,1,0,0,0,0
154_0_3,1,1,1,1,1,1,0,0,0,0
154_0_4,1,1,1,1,1,1,0,0,0,0
955_0_0,1,1,1,0,1,0,0,0,0,0
955_0_1,1,1,1,0,1,0,0,0,0,0
955_0_2,1,1,1,0,1,0,0,0,0,0
955_0_3,1,1,1,0,1,0,0,0,0,0
955_0_4,1,1,1,0,1,0,0,0,0,0
955_1_0,1,1,1,0,1,0,0,0,0,0
955_1_1,1,1,1,0,1,0,0,0,0,0
955_1_2,1,1,1,0,1,0,0,0,0,0
955_1_3,1,1,1,0,1,0,0,0,0,0
955_1_4,1,1,1,0,1,0,0,0,0,0
955_2_0,1,1,1,0,1,0,0,0,0,0
955_2_1,1,1,1,0,1,0,0,0,0,0
955_2_2,1,1,1,0,1,0,0,0,0,0
955_2_3,1,1,1,0,1,0,0,0,0,0
955_2_4,1,1,1,0,1,0,0,0,0,0
2587_0_0,1,1,1,1,1,1,1,1,1,1
2587_0_1,1,1,1,1,1,1,1,1,1,1
2587_0_2,1,1,1,1,1,1,1,1,1,1
2587_0_3,1,1,1,1,1,1,1,1,1,1
2587_0_4,1,1,1,1,1,1,1,1,1,1
2012_0_0,1,1,0,1,1,1,1,1,1,1
2012_0_1,1,1,0,1,1,1,1,1,1,1
2012_0_2,1,1,0,1,1,1,1,1,1,1
2012_0_3,1,1,0,1,1,1,1,1,1,1
2012_0_4,1,1,0,1,1,1,1,1,1,1
2012_1_0,1,1,0,1,1,1,1,1,1,1
2012_1_1,1,1,0,1,1,1,1,1,1,1
2012_1_2,1,1,0,1,1,1,1,1,1,1
2012_1_3,1,1,0,1,1,1,1,1,1,1
2012_1_4,1,1,0,1,1,1,1,1,1,1
1_0_0,0,0,0,0,0,0,1,0,1,0
2433_0_0,0,0,0,0,0,0,1,0,1,0
2183_0_0,0,0,0,0,0,0,1,0,1,1
2444_0_0,0,0,0,1,0,1,1,0,1,0
2444_1_0,0,0,0,1,0,1,1,0,1,0
2444_2_0,0,0,0,1,0,1,1,0,1,0
1549_0_0,0,0,0,0,0,0,1,0,1,0
1549_1_0,0,0,0,0,0,0,1,0,1,0
1549_2_0,0,0,0,0,0,0,1,0,1,0
2576_0_0,0,0,0,0,0,0,1,0,1,0
2576_1_0,0,0,0,0,0,0,1,0,1,0
2576_2_0,0,0,0,0,0,0,1,0,1,0
1041_0_0,0,0,0,0,0,0,1,0,1,0
1681_0_0,0,0,0,0,0,0,1,0,1,0
2834_0_0,0,0,0,0,0,0,1,0,1,0
2834_1_0,0,0,0,0,0,0,1,0,1,0
2834_2_0,0,0,0,0,0,0,1,0,1,0
2067_0_0,0,0,0,1,0,1,1,0,1,0
2067_1_0,0,0,0,1,0,1,1,0,1,0
2067_2_0,0,0,0,1,0,1,1,0,1,0
790_0_0,0,0,0,0,1,0,1,0,1,0
280_0_0,0,0,0,0,0,0,1,0,1,0
280_1_0,0,0,0,0,0,0,1,0,1,0
1688_0_0,0,0,0,0,1,0,1,0,1,0
794_0_0,0,0,0,0,0,0,1,0,1,0
667_0_0,0,0,0,0,0,0,0,0,0,0
1055_0_0,0,0,0,0,0,0,0,0,0,0
2463_0_0,0,0,0,0,0,0,1,0,1,1
38_0_0,0,0,0,0,0,0,1,0,0,0
2470_0_0,0,0,0,0,0,0,1,0,1,0
2220_0_0,0,0,0,0,0,0,1,0,1,0
2220_1_0,0,0,0,0,0,0,1,0,1,0
1581_0_0,0,0,0,0,0,0,1,0,1,0
692_0_0,0,0,0,0,1,0,1,0,1,0
949_0_0,0,0,0,0,0,0,1,0,1,0
1726_0_0,0,0,0,0,0,0,1,0,1,0
2496_0_0,0,0,0,0,0,0,0,0,0,0
2496_1_0,0,0,0,0,0,0,0,0,0,0
2496_2_0,0,0,0,0,0,0,0,0,0,0
963_0_0,0,0,0,0,0,0,1,0,1,0
963_1_0,0,0,0,0,0,0,1,0,1,0
963_2_0,0,0,0,0,0,0,1,0,1,0
1731_0_0,0,0,0,0,0,0,0,0,0,0
708_0_0,0,0,0,0,0,0,1,0,1,0
713_0_0,0,0,0,0,1,0,1,0,1,0
713_1_0,0,0,0,0,1,0,1,0,1,0
713_2_0,0,0,0,0,1,0,1,0,1,0
972_0_0,0,0,0,0,0,0,1,0,1,0
78_0_0,0,0,0,0,0,0,1,0,1,1
1103_0_0,0,0,0,1,1,1,1,0,1,0
1490_0_0,0,0,0,0,1,0,1,0,0,0
1490_1_0,0,0,0,0,1,0,1,0,0,0
342_0_0,0,0,0,0,0,0,1,0,1,0
2646_0_0,0,0,0,0,1,0,1,0,1,0
2646_1_0,0,0,0,0,1,0,1,0,1,0
2646_2_0,0,0,0,0,1,0,1,0,1,0
2007_0_0,0,0,0,0,0,0,0,0,0,0
2007_1_0,0,0,0,0,0,0,0,0,0,0
350_0_0,0,0,0,0,0,0,1,0,1,1
2014_0_0,0,0,0,0,1,0,0,0,0,0
2014_1_0,0,0,0,0,1,0,0,0,0,0
2014_2_0,0,0,0,0,1,0,0,0,0,0
735_0_0,0,0,0,0,0,0,1,0,1,1
2399_0_0,0,0,0,1,1,1,1,0,1,0
2918_0_0,0,0,0,0,1,0,1,0,1,0
621_0_0,0,0,0,0,1,0,1,0,1,1
241_0_0,0,0,0,0,0,0,1,0,1,0
241_1_0,0,0,0,0,0,0,1,0,1,0
1394_0_0,0,0,0,0,0,0,1,0,1,0
1394_1_0,0,0,0,0,0,0,1,0,1,0
1394_2_0,0,0,0,0,0,0,1,0,1,0
1653_0_0,0,0,0,0,0,0,1,0,1,1
374_0_0,0,0,0,0,0,0,1,0,1,0
1783_0_0,0,0,0,1,0,0,1,0,1,0
1783_1_0,0,0,0,1,0,0,1,0,1,0
2039_0_0,0,0,0,0,0,0,1,0,1,1
2431_0_0,0,0,0,0,1,0,1,0,1,1
