graph_id,is_correct,feature_1098,feature_2243,feature_1327,feature_853,feature_1092,feature_933,feature_1595,feature_1030,feature_761,feature_1669,feature_1849,feature_1637,feature_1236,feature_3622,feature_4015,feature_1229,feature_1323,feature_3623,feature_848,feature_980,feature_2281,feature_2182,feature_3449
0_0_0,1,0,0,0,0,0,0,1,0,0,0,0,0,0,0,0,0,0,0,1,1,0,0,0
1_0_0,1,1,1,1,1,1,0,1,1,0,0,1,0,0,0,0,1,0,0,0,1,0,0,0
1_1_0,1,1,1,1,1,1,0,1,1,0,0,1,0,0,0,0,1,0,0,0,1,0,0,0
66_0_0,1,0,1,1,0,0,0,0,0,0,0,1,0,1,0,0,0,0,0,0,0,1,0,0
67_0_0,1,0,1,0,1,0,0,0,0,0,0,0,0,0,0,0,0,0,0,0,0,1,0,1
69_0_0,1,1,1,1,1,1,0,0,1,0,1,0,0,1,0,1,0,1,0,0,0,0,1,0
69_1_0,1,1,1,1,1,1,0,0,1,0,1,0,0,1,0,1,0,1,0,0,0,0,1,0
69_2_0,1,1,1,1,1,1,0,0,1,0,1,0,0,1,0,1,0,1,0,0,0,0,1,0
70_0_0,1,0,1,0,1,0,0,1,0,0,1,1,1,0,0,0,0,0,0,0,0,0,0,0
70_1_0,1,0,1,0,1,0,0,1,0,0,1,1,1,0,0,0,0,0,0,0,0,0,0,0
70_2_0,1,0,1,0,1,0,0,1,0,0,1,1,1,0,0,0,0,0,0,0,0,0,0,0
135_0_0,1,0,1,0,0,0,0,0,0,0,0,0,1,0,1,0,0,0,1,0,0,1,0,1
135_1_0,1,0,1,0,0,0,0,0,0,0,0,0,1,0,1,0,0,0,1,0,0,1,0,1
135_2_0,1,0,1,0,0,0,0,0,0,0,0,0,1,0,1,0,0,0,1,0,0,1,0,1
72_0_0,1,1,1,1,1,0,1,1,0,0,0,0,0,0,0,0,0,0,0,0,0,0,0,0
78_0_0,1,1,1,1,1,1,0,0,1,0,1,1,0,1,0,1,0,0,0,0,0,0,0,0
78_1_0,1,1,1,1,1,1,0,0,1,0,1,1,0,1,0,1,0,0,0,0,0,0,0,0
78_2_0,1,1,1,1,1,1,0,0,1,0,1,1,0,1,0,1,0,0,0,0,0,0,0,0
17_0_0,1,0,1,1,1,0,0,0,0,0,1,1,0,0,0,0,0,0,0,0,0,0,0,0
18_0_0,1,0,0,0,0,0,0,0,0,0,0,0,0,0,0,0,0,0,0,0,0,0,0,0
87_0_0,1,1,1,1,0,0,0,0,0,0,0,0,0,0,0,0,0,0,1,0,0,0,0,0
25_0_0,1,0,0,0,0,1,0,0,0,0,0,0,0,0,0,0,0,0,0,0,1,0,0,0
27_0_0,1,0,0,0,0,0,0,0,0,0,0,0,0,0,1,1,0,0,1,0,0,0,0,0
155_0_0,1,0,0,1,0,0,0,0,1,0,0,0,0,0,0,0,0,0,0,0,0,0,0,0
155_1_0,1,0,0,1,0,0,0,0,1,0,0,0,0,0,0,0,0,0,0,0,0,0,0,0
155_2_0,1,0,0,1,0,0,0,0,1,0,0,0,0,0,0,0,0,0,0,0,0,0,0,0
28_0_0,1,0,0,0,1,0,0,1,1,0,0,0,0,1,0,0,0,0,0,0,0,1,0,0
96_0_0,1,1,0,1,1,1,0,0,0,0,0,0,0,0,0,0,0,0,0,0,0,0,0,0
96_1_0,1,1,0,1,1,1,0,0,0,0,0,0,0,0,0,0,0,0,0,0,0,0,0,0
96_2_0,1,1,0,1,1,1,0,0,0,0,0,0,0,0,0,0,0,0,0,0,0,0,0,0
33_0_0,1,1,0,1,1,0,0,0,0,1,0,0,0,0,0,0,0,0,0,0,0,0,0,0
34_0_0,1,0,1,1,0,0,0,0,0,0,0,1,0,1,0,0,0,0,0,0,0,1,0,0
34_1_0,1,0,1,1,0,0,0,0,0,0,0,1,0,1,0,0,0,0,0,0,0,1,0,0
34_2_0,1,0,1,1,0,0,0,0,0,0,0,1,0,1,0,0,0,0,0,0,0,1,0,0
162_0_0,1,1,1,1,0,0,0,0,0,0,0,0,0,0,0,0,0,0,1,0,1,0,1,0
167_0_0,1,1,1,1,1,1,0,1,1,0,0,0,0,0,0,0,1,0,0,0,1,0,0,0
169_0_0,1,0,0,0,0,0,0,0,0,0,0,0,0,0,0,0,0,0,0,0,0,0,0,0
169_1_0,1,0,0,0,0,0,0,0,0,0,0,0,0,0,0,0,0,0,0,0,0,0,0,0
169_2_0,1,0,0,0,0,0,0,0,0,0,0,0,0,0,0,0,0,0,0,0,0,0,0,0
110_0_0,1,1,1,1,1,1,0,1,1,0,1,0,1,1,0,1,0,1,0,0,1,1,0,1
110_1_0,1,1,1,1,1,1,0,1,1,0,1,0,1,1,0,1,0,1,0,0,1,1,0,1
110_2_0,1,1,1,1,1,1,0,1,1,0,1,0,1,1,0,1,0,1,0,0,1,1,0,1
49_0_0,1,1,1,1,1,1,0,1,1,0,0,1,0,0,0,0,1,0,0,0,1,0,0,0
50_0_0,1,1,1,1,0,0,1,1,0,0,0,0,0,0,0,0,0,0,0,0,0,0,0,0
53_0_0,1,0,0,0,0,0,0,1,0,0,0,0,0,0,0,0,0,0,0,0,1,0,0,0
55_0_0,1,0,0,0,0,0,1,0,0,0,0,0,0,0,0,0,1,1,0,0,0,0,0,0
55_1_0,1,0,0,0,0,0,1,0,0,0,0,0,0,0,0,0,1,1,0,0,0,0,0,0
55_2_0,1,0,0,0,0,0,1,0,0,0,0,0,0,0,0,0,1,1,0,0,0,0,0,0
120_0_0,1,0,0,0,1,0,0,0,0,0,0,0,0,1,0,0,0,0,0,0,0,0,1,0
120_1_0,1,0,0,0,1,0,0,0,0,0,0,0,0,1,0,0,0,0,0,0,0,0,1,0
120_2_0,1,0,0,0,1,0,0,0,0,0,0,0,0,1,0,0,0,0,0,0,0,0,1,0
128_0_0,0,0,0,1,0,0,0,0,0,1,0,0,0,0,0,0,0,0,0,0,0,1,0,0
128_0_1,0,0,0,1,0,0,0,0,0,1,0,0,0,0,0,0,0,0,0,0,0,1,0,0
128_1_0,0,0,0,1,0,0,0,0,0,1,0,0,0,0,0,0,0,0,0,0,0,1,0,0
128_1_1,0,0,0,1,0,0,0,0,0,1,0,0,0,0,0,0,0,0,0,0,0,1,0,0
128_2_0,0,0,0,1,0,0,0,0,0,1,0,0,0,0,0,0,0,0,0,0,0,1,0,0
128_2_1,0,0,0,1,0,0,0,0,0,1,0,0,0,0,0,0,0,0,0,0,0,1,0,0
160_0_0,0,0,0,0,0,0,0,1,0,0,0,0,0,0,0,0,0,0,0,0,1,0,0,0
160_0_1,0,0,0,0,0,0,0,1,0,0,0,0,0,0,0,0,0,0,0,0,1,0,0,0
160_1_0,0,0,0,0,0,0,0,1,0,0,0,0,0,0,0,0,0,0,0,0,1,0,0,0
160_1_1,0,0,0,0,0,0,0,1,0,0,0,0,0,0,0,0,0,0,0,0,1,0,0,0
160_2_0,0,0,0,0,0,0,0,1,0,0,0,0,0,0,0,0,0,0,0,0,1,0,0,0
160_2_1,0,0,0,0,0,0,0,1,0,0,0,0,0,0,0,0,0,0,0,0,1,0,0,0
2_0_0,0,0,0,0,0,0,1,1,0,0,0,0,1,0,0,0,0,0,0,0,0,0,0,0
2_0_1,0,0,0,0,0,0,1,1,0,0,0,0,1,0,0,0,0,0,0,0,0,0,0,0
130_0_0,0,0,0,0,0,0,1,0,0,1,0,0,0,0,1,0,1,0,1,1,0,0,0,0
130_0_1,0,0,0,0,0,0,1,0,0,1,0,0,0,0,1,0,1,0,1,1,0,0,0,0
130_1_0,0,0,0,0,0,0,1,0,0,1,0,0,0,0,1,0,1,0,1,1,0,0,0,0
130_1_1,0,0,0,0,0,0,1,0,0,1,0,0,0,0,1,0,1,0,1,1,0,0,0,0
130_2_0,0,0,0,0,0,0,1,0,0,1,0,0,0,0,1,0,1,0,1,1,0,0,0,0
130_2_1,0,0,0,0,0,0,1,0,0,1,0,0,0,0,1,0,1,0,1,1,0,0,0,0
3_0_0,0,0,0,0,0,0,1,0,0,1,0,0,0,0,0,0,1,0,0,0,0,0,0,0
3_0_1,0,0,0,0,0,0,1,0,0,1,0,0,0,0,0,0,1,0,0,0,0,0,0,0
4_0_0,0,0,0,0,0,0,0,1,0,0,0,0,1,0,0,0,0,0,0,0,0,0,0,0
4_0_1,0,0,0,0,0,0,0,1,0,0,0,0,1,0,0,0,0,0,0,0,0,0,0,0
68_0_0,0,0,1,1,0,0,0,0,0,0,0,1,0,1,0,0,0,0,0,0,0,0,0,0
68_0_1,0,0,1,1,0,0,0,0,0,0,0,1,0,1,0,0,0,0,0,0,0,0,0,0
5_0_0,0,0,0,0,0,0,1,1,0,0,0,0,1,0,0,0,1,0,0,0,0,0,0,0
5_0_1,0,0,0,0,0,0,1,1,0,0,0,0,1,0,0,0,1,0,0,0,0,0,0,0
5_1_0,0,0,0,0,0,0,1,1,0,0,0,0,1,0,0,0,1,0,0,0,0,0,0,0
5_1_1,0,0,0,0,0,0,1,1,0,0,0,0,1,0,0,0,1,0,0,0,0,0,0,0
5_2_0,0,0,0,0,0,0,1,1,0,0,0,0,1,0,0,0,1,0,0,0,0,0,0,0
5_2_1,0,0,0,0,0,0,1,1,0,0,0,0,1,0,0,0,1,0,0,0,0,0,0,0
133_0_0,0,0,1,1,1,0,0,1,0,0,0,0,1,0,0,0,0,0,0,0,0,0,0,0
133_0_1,0,0,1,1,1,0,0,1,0,0,0,0,1,0,0,0,0,0,0,0,0,0,0,0
102_0_0,0,0,1,0,0,0,0,1,0,0,0,0,1,0,1,0,0,0,1,0,0,0,0,0
102_0_1,0,0,1,0,0,0,0,1,0,0,0,0,1,0,1,0,0,0,1,0,0,0,0,0
102_1_0,0,0,1,0,0,0,0,1,0,0,0,0,1,0,1,0,0,0,1,0,0,0,0,0
102_1_1,0,0,1,0,0,0,0,1,0,0,0,0,1,0,1,0,0,0,1,0,0,0,0,0
102_2_0,0,0,1,0,0,0,0,1,0,0,0,0,1,0,1,0,0,0,1,0,0,0,0,0
102_2_1,0,0,1,0,0,0,0,1,0,0,0,0,1,0,1,0,0,0,1,0,0,0,0,0
168_0_0,0,0,0,0,1,0,0,0,0,0,0,0,0,0,0,0,0,0,0,0,0,0,0,0
168_0_1,0,0,0,0,1,0,0,0,0,0,0,0,0,0,0,0,0,0,0,0,0,0,0,0
73_0_0,0,0,1,1,1,0,0,1,0,0,0,0,1,1,0,0,0,0,0,1,0,0,0,0
73_0_1,0,0,1,1,1,0,0,1,0,0,0,0,1,1,0,0,0,0,0,1,0,0,0,0
73_1_0,0,0,1,1,1,0,0,1,0,0,0,0,1,1,0,0,0,0,0,1,0,0,0,0
73_1_1,0,0,1,1,1,0,0,1,0,0,0,0,1,1,0,0,0,0,0,1,0,0,0,0
10_0_0,0,0,0,0,0,0,1,1,0,0,0,0,1,0,0,0,0,0,0,0,0,0,0,0
10_0_1,0,0,0,0,0,0,1,1,0,0,0,0,1,0,0,0,0,0,0,0,0,0,0,0
10_1_0,0,0,0,0,0,0,1,1,0,0,0,0,1,0,0,0,0,0,0,0,0,0,0,0
10_1_1,0,0,0,0,0,0,1,1,0,0,0,0,1,0,0,0,0,0,0,0,0,0,0,0
10_2_0,0,0,0,0,0,0,1,1,0,0,0,0,1,0,0,0,0,0,0,0,0,0,0,0
10_2_1,0,0,0,0,0,0,1,1,0,0,0,0,1,0,0,0,0,0,0,0,0,0,0,0
42_0_0,0,0,1,1,1,0,0,1,0,0,0,0,1,1,0,0,0,0,0,0,0,0,0,0
42_0_1,0,0,1,1,1,0,0,1,0,0,0,0,1,1,0,0,0,0,0,0,0,0,0,0
20_0_0,0,0,0,0,0,0,1,0,0,1,0,0,0,0,0,0,1,0,0,0,0,0,0,0
20_0_1,0,0,0,0,0,0,1,0,0,1,0,0,0,0,0,0,1,0,0,0,0,0,0,0
20_1_0,0,0,0,0,0,0,1,0,0,1,0,0,0,0,0,0,1,0,0,0,0,0,0,0
20_1_1,0,0,0,0,0,0,1,0,0,1,0,0,0,0,0,0,1,0,0,0,0,0,0,0
20_2_0,0,0,0,0,0,0,1,0,0,1,0,0,0,0,0,0,1,0,0,0,0,0,0,0
20_2_1,0,0,0,0,0,0,1,0,0,1,0,0,0,0,0,0,1,0,0,0,0,0,0,0
84_0_0,0,0,0,0,0,0,0,1,1,0,0,0,1,1,1,0,0,0,1,0,0,0,0,0
84_0_1,0,0,0,0,0,0,0,1,1,0,0,0,1,1,1,0,0,0,1,0,0,0,0,0
21_0_0,0,0,0,0,0,0,0,1,0,0,0,0,1,0,0,0,0,0,0,0,0,0,0,0
21_0_1,0,0,0,0,0,0,0,1,0,0,0,0,1,0,0,0,0,0,0,0,0,0,0,0
21_1_0,0,0,0,0,0,0,0,1,0,0,0,0,1,0,0,0,0,0,0,0,0,0,0,0
21_1_1,0,0,0,0,0,0,0,1,0,0,0,0,1,0,0,0,0,0,0,0,0,0,0,0
21_2_0,0,0,0,0,0,0,0,1,0,0,0,0,1,0,0,0,0,0,0,0,0,0,0,0
21_2_1,0,0,0,0,0,0,0,1,0,0,0,0,1,0,0,0,0,0,0,0,0,0,0,0
23_0_0,0,0,0,0,0,0,1,0,0,1,0,0,0,0,0,0,1,0,0,0,0,0,0,0
23_0_1,0,0,0,0,0,0,1,0,0,1,0,0,0,0,0,0,1,0,0,0,0,0,0,0
23_1_0,0,0,0,0,0,0,1,0,0,1,0,0,0,0,0,0,1,0,0,0,0,0,0,0
23_1_1,0,0,0,0,0,0,1,0,0,1,0,0,0,0,0,0,1,0,0,0,0,0,0,0
26_0_0,0,0,0,0,0,0,1,0,0,1,0,0,0,0,1,0,1,0,1,1,0,0,0,0
26_0_1,0,0,0,0,0,0,1,0,0,1,0,0,0,0,1,0,1,0,1,1,0,0,0,0
26_1_0,0,0,0,0,0,0,1,0,0,1,0,0,0,0,1,0,1,0,1,1,0,0,0,0
26_1_1,0,0,0,0,0,0,1,0,0,1,0,0,0,0,1,0,1,0,1,1,0,0,0,0
26_2_0,0,0,0,0,0,0,1,0,0,1,0,0,0,0,1,0,1,0,1,1,0,0,0,0
26_2_1,0,0,0,0,0,0,1,0,0,1,0,0,0,0,1,0,1,0,1,1,0,0,0,0
122_0_0,0,0,0,0,0,0,0,1,0,0,0,0,0,0,0,0,0,0,0,0,0,0,0,0
122_0_1,0,0,0,0,0,0,0,1,0,0,0,0,0,0,0,0,0,0,0,0,0,0,0,0
122_1_0,0,0,0,0,0,0,0,1,0,0,0,0,0,0,0,0,0,0,0,0,0,0,0,0
122_1_1,0,0,0,0,0,0,0,1,0,0,0,0,0,0,0,0,0,0,0,0,0,0,0,0
122_2_0,0,0,0,0,0,0,0,1,0,0,0,0,0,0,0,0,0,0,0,0,0,0,0,0
122_2_1,0,0,0,0,0,0,0,1,0,0,0,0,0,0,0,0,0,0,0,0,0,0,0,0
62_0_0,0,1,1,1,1,0,0,0,0,0,0,0,0,0,0,0,0,0,0,0,0,1,0,0
62_0_1,0,1,1,1,1,0,0,0,0,0,0,0,0,0,0,0,0,0,0,0,0,1,0,0
95_0_0,0,0,0,0,1,0,0,1,0,0,0,0,0,0,1,0,0,0,1,0,0,0,0,0
95_0_1,0,0,0,0,1,0,0,1,0,0,0,0,0,0,1,0,0,0,1,0,0,0,0,0
95_1_0,0,0,0,0,1,0,0,1,0,0,0,0,0,0,1,0,0,0,1,0,0,0,0,0
95_1_1,0,0,0,0,1,0,0,1,0,0,0,0,0,0,1,0,0,0,1,0,0,0,0,0
95_2_0,0,0,0,0,1,0,0,1,0,0,0,0,0,0,1,0,0,0,1,0,0,0,0,0
95_2_1,0,0,0,0,1,0,0,1,0,0,0,0,0,0,1,0,0,0,1,0,0,0,0,0
